,full_id,NFA,building_usage,yearly_demand_useful_renovated,yearly_demand_delivered_renovated,yearly_demand_delivered_renovated_DH,consumer_size_renovated,npv_Gas_25years_ir_0.05,npv_DH_25years_ir_0.05,savings_npv_25years_ir_0.05,operator_selling_price
0,w24853838,27974.42320393324,trade,1197392.8826751309,1330436.536305701,1496741.1033439136,nr2,-3201437.6003069445,-7005939.524745302,-3804501.924438358,0.30487564825627783
1,w24853840,937.1926232803613,trade,88019.54120636193,97799.49022929103,110024.4265079524,nr2,-235335.51339495205,-562954.4380510137,-327618.9246560617,0.30487564825627783
2,w24853841,8998.296452549099,trade,370411.49455784855,411568.3272864984,463014.36819731066,nr2,-990359.3911582693,-2385106.597084587,-1394747.2059263177,0.30487564825627783
3,w25538793,404.8852469230536,trade,30724.044681390333,34137.827423767034,38405.05585173791,nr1,-89234.81018883239,-235787.5308032204,-146552.720614388,0.3311847143494592
4,w27689586,5481.69515059907,office,239232.2588022705,265813.6208914117,299040.3235028381,nr2,-639628.9468706877,-1067452.9689812378,-427824.0221105502,0.30487564825627783
5,w28994179,16672.165487814695,other,602602.7887910821,669558.6542123135,753253.4859888526,nr2,-1611163.0977591267,-2688810.1932067266,-1077647.0954476,0.30487564825627783
6,w28994181,2845.002712316811,trade,324149.90597616514,360166.56219573907,405187.3824702064,nr2,-866671.0084409367,-1446355.024450251,-579684.0160093142,0.30487564825627783
7,w29249266,23411.247439788887,trade,2697249.5326306587,2996943.9251451762,3371561.915788323,nr2,-7211564.555054181,-12035111.970704377,-4823547.415650195,0.30487564825627783
8,w30213059,1747.46707642246,ab,186541.77691087977,207268.64101208863,233177.2211385997,r2,-533689.7461108741,-1078872.4805064478,-545182.7343955737,0.30487564825627783
9,w50930444,8762.936898044496,other,330222.16830016905,366913.5203335212,412777.7103752113,nr2,-882906.2552043565,-2192047.0892987982,-1309140.8340944417,0.30487564825627783
10,w50930445,4934.112452852726,other,202146.16980193532,224606.85533548368,252682.71225241915,nr2,-540472.8540862146,-1413266.1562655962,-872793.3021793816,0.30487564825627783
11,w50930458,1974.6456010334193,other,60554.61203303029,67282.90225892254,75693.26504128786,nr2,-161903.26052500834,-570239.4634216268,-408336.2028966185,0.30487564825627783
12,w50930471,4724.4749339554455,other,258143.60911438576,286826.2323493175,322679.5113929822,nr2,-690191.7227463219,-1652671.770746519,-962480.0480001972,0.30487564825627783
13,w50930472,9715.957844087014,other,1058464.4972369291,1176071.663596588,1323080.6215461614,nr2,-2829988.4599895915,-4722862.526122126,-1892874.0661325343,0.30487564825627783
14,w50930478,6019.835157379508,trade,680901.6527717811,756557.3919686456,851127.0659647263,nr2,-1820508.69420956,-3038179.2759654843,-1217670.5817559243,0.30487564825627783
15,w50930479,4489.048651921749,other,185541.01142931575,206156.6793659064,231926.26428664467,nr2,-496076.0824481632,-1215145.7006377745,-719069.6181896114,0.30487564825627783
16,w50930480,4441.97852948606,other,168700.98991545063,187445.54435050068,210876.23739431327,nr2,-451051.36345700064,-1122730.6517413754,-671679.2882843749,0.30487564825627783
17,w50930481,1370.623297881335,other,62080.660377160784,68978.51153017864,77600.82547145098,nr2,-165983.41551797156,-454860.9740915406,-288877.55857356905,0.30487564825627783
18,w50930482,1573.369959426485,other,63379.87619939754,70422.08466599727,79224.84524924692,nr2,-169457.09441184468,-453766.4646751093,-284309.37026326463,0.30487564825627783
19,w50930483,704.9254127380437,other,45123.70064816985,50137.445164633165,56404.62581021231,nr1,-131057.12168151021,-329182.59840707266,-198125.47672556245,0.3311847143494592
20,w50930486,509.32494937628496,trade,30466.044901173256,33851.16100130362,38082.55612646657,nr1,-88485.47651043242,-228544.042411239,-140058.56590080657,0.3311847143494592
21,w98916060,2713.01504517002,other,226605.19701500298,251783.55223889218,283256.4962687537,nr2,-605868.3065895769,-1011111.0915863975,-405242.7849968206,0.30487564825627783
22,w98916062,151.14776481509907,trade,11092.043274505519,12324.492527228354,13865.054093131897,nr1,-32215.692512852587,-90957.4607590634,-58741.768246210806,0.3311847143494592
23,w98916065,222.67857759937178,other,20948.500685227787,23276.111872475318,26185.625856534734,nr1,-60842.75367296254,-156575.10816952662,-95732.35449656408,0.3311847143494592
24,w98916067,43210.64675020873,trade,3034378.024269405,3371531.1380771166,3792972.530336756,nr2,-8112936.063840637,-13539377.370068364,-5426441.306227727,0.30487564825627783
25,w98916074,4745.314506876469,trade,491122.8611791089,545692.0679767877,613903.5764738861,nr2,-1313102.171307722,-2191387.3945131376,-878285.2232054155,0.30487564825627783
26,w98916075,67.06430839556852,sfh,8538.96409194254,9487.737879936156,10673.705114928174,r1,-26538.893548066586,-74151.09694626462,-47612.203398198035,0.3311979290829584
27,w98916076,98.82164086105185,sfh,13728.213996145805,15253.571106828673,17160.267495182256,r1,-42666.95654483178,-107340.3458789108,-64673.38933407902,0.3311979290829584
28,w98916079,3334.9361924076916,trade,133751.88480733606,148613.2053414845,167189.85600917006,nr2,-357608.8678408363,-985360.6532653134,-627751.7854244771,0.30487564825627783
29,w98916080,2976.303781049745,other,104082.21116258297,115646.90129175886,130102.76395322871,nr2,-278281.8481387161,-742734.7384645881,-464452.890325872,0.30487564825627783
30,w98916086,294.4025758753764,other,20686.516731325537,22985.018590361706,25858.14591415692,nr1,-60081.848374151166,-172813.9418039472,-112732.09342979605,0.3311847143494592
31,w98916091,1116.7099465291947,trade,65522.69205707044,72802.99117452271,81903.36507133805,nr2,-175186.2843515424,-292361.87678924925,-117175.59243770686,0.30487564825627783
32,w98916094,150.05011938810347,trade,13612.2294499376,15124.699388819556,17015.286812422,nr1,-39535.31261291763,-118188.57175592287,-78653.25914300524,0.3311847143494592
33,w98916098,15131.85493721813,trade,1389797.224493673,1544219.1383263033,1737246.5306170913,nr2,-3715863.9872285314,-6201267.257998968,-2485403.270770436,0.30487564825627783
34,w98916102,1892.1415951219387,trade,73425.17962658805,81583.53291843117,91781.47453323506,nr2,-196314.95582359083,-570421.1635598976,-374106.2077363067,0.30487564825627783
35,w98916109,81.43322088830173,sfh,9629.8057932929,10699.784214769888,12037.257241616126,r1,-29929.203131081034,-84122.30594276162,-54193.10281168059,0.3311979290829584
36,w98916113,559.2398283889517,trade,50271.6825643969,55857.425071552105,62839.60320549612,nr2,-134410.0646671548,-347355.37829674385,-212945.31362958904,0.30487564825627783
37,w98916116,6987.1012714248145,other,358101.17313169746,397890.1923685527,447626.4664146218,nr2,-957445.6111819796,-2221521.7008738546,-1264076.089691875,0.30487564825627783
38,w98916121,458.57296650111675,other,22475.134293848154,24972.371437609057,28093.917867310192,nr1,-65276.70309940784,-173632.18504219642,-108355.48194278858,0.3311847143494592
39,w98916126,1235.1179318586364,trade,54455.49615433791,60506.10683815323,68069.37019292239,nr2,-145596.21612446752,-397408.3673194332,-251812.15119496567,0.30487564825627783
40,w99055014,379.03616306802724,mfh,51250.231128429565,56944.70125381063,64062.788910536954,r2,-146625.18655069135,-329698.8851806209,-183073.69862992954,0.30487564825627783
41,w99055018,363.825429549627,mfh,39011.950831555296,43346.61203506144,48764.93853944412,r1,-121248.19815064056,-264115.7366859013,-142867.53853526074,0.3311979290829584
42,w99055022,32.828185592684896,sfh,3912.1656857345315,4346.850761927257,4890.207107168164,r0,-14919.89278243332,-39946.75953953594,-25026.866757102616,0.4064044457306171
43,w99055023,57.57688737055287,sfh,7638.842228320924,8487.602475912137,9548.552785401154,r1,-23741.336600674975,-59874.39894352224,-36133.06234284726,0.3311979290829584
44,w99055025,2922.078992408514,trade,131771.14343422168,146412.38159357963,164713.9292927771,nr2,-352313.01215293125,-871383.1189703865,-519070.1068174552,0.30487564825627783
45,w99055028,168.94065034445376,ab,18863.996140229203,20959.99571136578,23579.9951752865,r1,-58628.843038358886,-132551.8885562874,-73923.0455179285,0.3311979290829584
46,w99055030,502.22660109587014,other,33719.73290267432,37466.369891860355,42149.66612834289,nr1,-97935.47680298799,-258886.65778528847,-160951.1809823005,0.3311847143494592
47,w99055036,2513.4158389533286,other,94056.81089942587,104507.56766602874,117571.01362428232,nr2,-251477.2012888932,-679364.2899608962,-427887.088672003,0.30487564825627783
48,w99055038,337.97397138923407,other,24561.514626422148,27290.57180713572,30701.893283027683,nr1,-71336.3789946106,-197082.6949045832,-125746.31590997259,0.3311847143494592
49,w99055039,2475.299022556655,other,95255.37369289662,105839.30410321847,119069.21711612078,nr2,-254681.76684867305,-641176.8547859635,-386495.0879372905,0.30487564825627783
50,w99055040,101.95110847079195,trade,7536.8851086504455,8374.316787389384,9421.106385813056,nr1,-21890.103307030648,-70037.00135237497,-48146.89804534432,0.3311847143494592
51,w99055041,189.90211718752977,ab,21595.11692946048,23994.5743660672,26993.8961618256,r1,-67117.10029203608,-161137.15761491028,-94020.0573228742,0.3311979290829584
52,w99055043,190.2007592998445,sfh,29155.98911223378,32395.543458037533,36444.98639029222,r1,-90616.10787991207,-212561.15647459638,-121945.04859468431,0.3311979290829584
53,w99055048,47.74609960326925,sfh,5769.180841789516,6410.2009353216845,7211.476052236895,r1,-17930.47430241231,-52607.34453667583,-34676.87023426352,0.3311979290829584
54,w99055050,194.95880112051967,trade,16984.909900636445,18872.122111818273,21231.137375795555,nr1,-49330.914167552466,-138227.58389820278,-88896.66973065032,0.3311847143494592
55,w99055053,122.33706042193808,ab,14174.508663259385,15749.454070288204,17718.13582907423,r1,-44054.02955908341,-117598.71199432212,-73544.6824352387,0.3311979290829584
56,w99055057,303.91877080444243,ab,36040.58788819037,40045.09765354486,45050.73486023796,r1,-112013.27410159327,-250662.79660867612,-138649.52250708285,0.3311979290829584
57,w99055067,194.8848727118224,sfh,21931.666176569037,24368.517973965598,27414.582720711296,r1,-68163.0871994086,-159219.3942037263,-91056.30700431768,0.3311979290829584
58,w99055068,348.37368724122643,ab,40200.04013772175,44666.71126413528,50250.05017215219,r1,-124940.7509336767,-314705.2788145971,-189764.52788092042,0.3311979290829584
59,w99055094,263.70872883694244,other,16614.595860209945,18460.66206689994,20768.24482526243,nr1,-48255.37533630823,-142387.0626611386,-94131.68732483036,0.3311847143494592
60,w99055100,85.6876405166462,sfh,12089.433153049305,13432.703503388117,15111.79144131163,r1,-37573.66538266519,-95998.76965685029,-58425.1042741851,0.3311979290829584
61,w99055110,94.65369866762775,sfh,12604.978915374657,14005.532128194063,15756.22364421832,r1,-39175.96912328166,-108447.24572748948,-69271.27660420781,0.3311979290829584
62,w99055113,801.3236896117684,education,39333.930829421224,43704.367588245805,49167.41353677653,nr1,-114241.33404121948,-301194.3205626449,-186952.98652142542,0.3311847143494592
63,w99055118,54.3237798044458,other,6219.479772060365,6910.533080067072,7774.349715075456,nr1,-18063.835757576904,-52603.88598867039,-34540.05023109348,0.3311847143494592
64,w99055131,500.74276516167447,th,69240.53713621371,76933.93015134857,86550.67142026713,r2,-198094.84661690934,-462106.30895240157,-264011.46233549225,0.30487564825627783
65,w99055135,663.0715527065098,ab,68880.52212837798,76533.91347597554,86100.65266047248,r2,-197064.855794962,-416633.4229247913,-219568.5671298293,0.30487564825627783
66,w99055142,64.54166975589469,sfh,9032.758360397225,10036.398178219139,11290.947950496531,r1,-28073.59417264587,-70972.13176684376,-42898.537594197885,0.3311979290829584
67,w99055146,149.08371188635937,sfh,17342.70904751041,19269.67671945601,21678.38630938801,r1,-53900.719606172475,-119540.62559984713,-65639.90599367465,0.3311979290829584
68,w99055147,57.659734526090325,sfh,7330.462267285426,8144.958074761584,9163.077834106782,r1,-22782.899152038717,-63099.64205554316,-40316.74290350445,0.3311979290829584
69,w99055152,1635.3717537612654,other,76892.01538215307,85435.57264683674,96115.01922769133,nr2,-205584.14265653584,-531092.0221559665,-325507.87949943065,0.30487564825627783
70,w99055158,567.1104306213557,trade,39120.40099323338,43467.11221470375,48900.50124154172,nr1,-113621.15871601508,-300783.8450852924,-187162.68636927733,0.3311847143494592
71,w99055160,362.3993257842958,ab,41269.65009818708,45855.16677576342,51587.06262273384,r1,-128265.07278034269,-301107.6711401411,-172842.5983597984,0.3311979290829584
72,w99055171,150.93386064656082,sfh,16885.70894548665,18761.8988283185,21107.136181858314,r1,-52480.374359550755,-123129.64338989805,-70649.26903034729,0.3311979290829584
73,w99055172,71.28885925472714,sfh,9019.499646113589,10021.666273459543,11274.374557641986,r1,-28032.386409834256,-77449.75244265803,-49417.366032823775,0.3311979290829584
74,w99055173,413.9677898917347,ab,46033.80958093352,51148.67731214836,57542.2619761669,r1,-143071.96504470124,-310988.6859750979,-167916.72093039664,0.3311979290829584
75,w99055181,184.62117180265486,other,15209.502381678169,16899.44709075352,19011.87797709771,nr1,-44174.42664759946,-124145.29089239266,-79970.86424479319,0.3311847143494592
76,w99055182,84.81555104400032,sfh,9995.399856476368,11105.999840529297,12494.24982059546,r1,-31065.460623226536,-87486.9664738431,-56421.505850616566,0.3311979290829584
77,w99055185,136.9722994968528,education,10840.570650859518,12045.07850095502,13550.713313574397,nr1,-31485.31628565192,-97817.08219906426,-66331.76591341234,0.3311847143494592
78,w99055186,41.49024544628337,sfh,5137.404922484948,5708.227691649942,6421.756153106185,r1,-15966.930049488583,-45441.62566097295,-29474.69561148437,0.3311979290829584
79,w99055192,160.51305735595523,ab,18121.209085465063,20134.67676162785,22651.511356831328,r1,-56320.27886558427,-142136.7773864176,-85816.49852083335,0.3311979290829584
80,w99055193,133.23216011486946,other,9055.86994602939,10062.077717810433,11319.837432536737,nr1,-26301.837668467946,-76748.55501605113,-50446.71734758319,0.3311847143494592
81,w99055199,594.2030242990702,ab,69499.33638341566,77221.48487046185,86874.17047926957,r2,-198835.2625538653,-422885.6207670189,-224050.35821315358,0.30487564825627783
82,w99055201,119.5810925271362,sfh,16186.140935837673,17984.601039819638,20232.67616979709,r1,-50306.133932046694,-128065.57561586464,-77759.44168381795,0.3311979290829584
83,w99055202,635.4450178422034,ab,74224.65462412336,82471.83847124818,92780.8182801542,r2,-212354.23902089652,-479635.40861542313,-267281.16959452664,0.30487564825627783
84,w99055209,191.61494707558305,other,19092.937557201116,21214.375063556796,23866.171946501392,nr1,-55453.4624764441,-149280.29805403366,-93826.83557758955,0.3311847143494592
85,w99055216,463.1840371862054,education,30329.625776782435,33699.58419642493,37912.03222097804,nr1,-88089.26127258272,-227734.7868200477,-139645.525547465,0.3311847143494592
86,w99055219,773.0541430711745,other,89363.99007406665,99293.3223045185,111704.9875925833,nr2,-238930.1306830922,-589275.4982997866,-350345.3676166944,0.30487564825627783
87,w99055224,318.955577952601,ab,39326.77401159415,43696.415568437944,49158.46751449268,r1,-122226.66096785734,-271210.28923668177,-148983.62826882442,0.3311979290829584
88,w99055226,262.56915004737675,ab,28811.221455015977,32012.468283351085,36014.02681876997,r1,-89544.57835300456,-201002.48513404475,-111457.90678104019,0.3311979290829584
89,w99055235,1694.7837025728077,trade,149404.7926523063,166005.3251692292,186755.99081538286,nr2,-399459.632493012,-946905.6807930439,-547446.0483000319,0.30487564825627783
90,w99055245,424.4345906373113,ab,47895.25638616388,53216.95154018208,59869.07048270485,r1,-148857.29662327206,-327289.34607877623,-178432.04945550417,0.3311979290829584
91,w99055249,70.42309986636974,sfh,9527.919340341607,10586.577044824007,11909.899175427008,r1,-29612.54250342762,-84856.81608166089,-55244.27357823327,0.3311979290829584
92,w99055257,137.79457132667304,trade,8302.741753787854,9225.268615319837,10378.427192234816,nr1,-24114.454725256743,-75413.20321582367,-51298.748490566926,0.3311847143494592
93,w99055287,226.3710821658373,mfh,29327.158711257514,32585.731901397237,36658.94838907189,r1,-91148.0988472289,-203935.44810634133,-112787.34925911242,0.3311979290829584
94,w99055292,58.725108856521544,trade,5742.2884325185605,6380.320480576178,7177.8605406482,nr1,-16677.88286467671,-55092.57707508184,-38414.69421040513,0.3311847143494592
95,w99055300,847.1402418442303,other,76273.07353797425,84747.85948663806,95341.34192246781,nr2,-203929.29425963335,-518795.45355298417,-314866.1592933508,0.30487564825627783
96,w99389931,488.4274571448564,mfh,51882.65252404952,57647.39169338835,64853.315655061895,r2,-148434.52288088374,-320957.94581432716,-172523.42293344342,0.30487564825627783
97,w99389943,3490.8252122399163,ab,329651.0091598724,366278.89906652493,412063.7614498405,r2,-943120.443565716,-1926033.6900956002,-982913.2465298842,0.30487564825627783
98,w99389949,2474.179022271931,ab,284257.7582638273,315841.9536264748,355322.1978297841,r2,-813251.8803567815,-1785745.4896505312,-972493.6092937497,0.30487564825627783
99,w99389956,671.7147096479312,education,46899.24791118664,52110.27545687404,58624.0598889833,nr1,-136214.01507362834,-227322.50552224505,-91108.4904486167,0.3311847143494592
100,w99389960,693.6997662768932,ab,80098.50062143736,88998.33402381929,100123.12577679669,r2,-229159.1147485387,-510262.2303125761,-281103.1155640374,0.30487564825627783
101,w99389971,1612.9015118613836,education,79005.85520261421,87784.28355846023,98757.31900326777,nr2,-211235.8601338698,-573127.319419025,-361891.4592851552,0.30487564825627783
102,w99389974,235.12884147074072,education,10047.192716967635,11163.547463297371,12558.990896209543,nr1,-29181.03213058648,-90822.90477036446,-61641.87263977798,0.3311847143494592
103,w99389975,1082.0712234761565,mfh,111466.82540481444,123852.0282275716,139333.53175601806,r2,-318902.8363255125,-661694.0683000301,-342791.2319745176,0.30487564825627783
104,w99389979,163.53384786918758,ab,21228.517390207166,23587.241544674627,26535.646737758954,r1,-65977.71780462236,-161012.80825703155,-95035.09045240919,0.3311979290829584
105,w99389992,2569.363114476204,other,222880.7619206125,247645.2910229028,278600.9524007656,nr2,-595910.3832349251,-994492.6835205731,-398582.300285648,0.30487564825627783
106,w99390006,431.6004564465955,education,13943.155864366083,15492.395404851202,17428.944830457604,nr1,-40496.454158056804,-145251.46336968587,-104755.00921162906,0.3311847143494592
107,w99390011,2554.974828636646,ab,247425.31787724234,274917.0198636026,309281.6473465529,r2,-707875.5079211764,-1449343.704355367,-741468.1964341906,0.30487564825627783
108,w99390014,587.280543653667,trade,43622.5019390578,48469.44659895311,54528.12742382225,nr1,-126697.04529012046,-328989.3058602782,-202292.26057015773,0.3311847143494592
109,w99390021,1617.1983746248297,other,56431.07453005592,62701.19392228436,70538.8431625699,nr2,-150878.267643136,-420275.5536302972,-269397.2859871612,0.30487564825627783
110,w99390022,5590.431437242403,education,501507.8998853299,557230.9998725888,626884.8748566624,nr2,-1340868.3739265825,-2237725.3777577095,-896857.003831127,0.30487564825627783
111,w99390025,237.89438336268066,education,22880.136119028128,25422.373465586807,28600.170148785157,nr1,-66452.9890139364,-110900.92274223616,-44447.93372829976,0.3311847143494592
112,w99390027,116.0190749399364,mfh,12111.38188864718,13457.090987385754,15139.227360808974,r1,-37641.88152121253,-81129.57347084419,-43487.69194963166,0.3311979290829584
113,w99390046,1095.085822885856,mfh,104637.32667388588,116263.69630431764,130796.65834235735,r2,-299363.87028727686,-610716.695788803,-311352.8255015262,0.30487564825627783
114,w99390052,1678.6958267321402,education,80452.87476272321,89392.08306969245,100566.093453404,nr2,-215104.71796252407,-619030.3503308251,-403925.63236830104,0.30487564825627783
115,w99390065,2581.633286331594,education,86800.34062073754,96444.82291193059,108500.42577592192,nr2,-232075.7691175233,-639341.3922577375,-407265.6231402141,0.30487564825627783
116,w99390082,124.21957990797236,education,9140.033185312222,10155.592428124692,11425.041481640277,nr1,-26546.281092508067,-76746.94790489429,-50200.66681238622,0.3311847143494592
117,w99390107,332.09000708311794,education,26712.358260262183,29680.39806695798,33390.44782532773,nr1,-77583.28188132026,-129475.85470090745,-51892.57281958719,0.3311847143494592
118,w99390110,1066.5973296171287,mfh,111016.92938734422,123352.1437637158,138771.16173418026,r2,-317615.6989597379,-674554.9345173332,-356939.23555759527,0.30487564825627783
119,w99390116,694.0162199864862,ab,76366.64546448652,84851.8282938739,95458.30683060814,r2,-218482.40273143823,-473670.9952042048,-255188.59247276658,0.30487564825627783
120,w99390122,307.42072394330467,other,23978.9127918091,26643.236435343442,29973.640989761374,nr1,-69644.27222069842,-207339.70158303116,-137695.42936233274,0.3311847143494592
121,w99390129,1196.3697846690193,trade,62972.859261591475,69969.84362399053,78716.07407698935,nr2,-168368.86401770453,-413477.2998490802,-245108.43583137568,0.30487564825627783
122,w99390130,964.417538562417,education,49512.76423577884,55014.18248419871,61890.95529472355,nr1,-143804.70293939818,-367334.6118961646,-223529.90895676642,0.3311847143494592
123,w99390133,9252.387912133521,education,680645.1328091653,756272.3697879614,850806.4160114565,nr2,-1819822.8435874037,-3037034.685361073,-1217211.8417736692,0.30487564825627783
124,w99390139,1249.1388426542283,ab,101272.3942615666,112524.88251285178,126590.49282695825,r2,-289736.91189463285,-645716.139132945,-355979.22723831213,0.30487564825627783
125,w99390141,112.67489476799965,other,7161.259483685899,7956.954981873221,8951.574354607374,nr1,-20799.13752783832,-67206.68991074487,-46407.55238290655,0.3311847143494592
126,w99758761,171.36210507287177,trade,18702.739494504167,20780.821660560185,23378.424368130207,nr1,-54320.17255899054,-153429.03242612118,-99108.85986713064,0.3311847143494592
127,w99758765,309.03573338240386,trade,17633.22369336,19592.4707704,22041.529616699998,nr1,-51213.87452763584,-141113.53771566466,-89899.66318802882,0.3311847143494592
128,w99758770,601.7205038767308,mfh,67803.20632134694,75336.89591260771,84754.00790168367,r2,-193982.69152561275,-425460.21764043655,-231477.5261148238,0.30487564825627783
129,w99758771,976.6668764967471,mfh,93790.2658837786,104211.40653753177,117237.83235472324,r2,-268330.79439947056,-564993.2588867707,-296662.46448730014,0.30487564825627783
130,w99758774,197.5460334163159,ab,21548.287941595398,23942.54215732822,26935.359926994246,r1,-66971.55693214682,-167479.74568427182,-100508.188752125,0.3311979290829584
131,w99758775,265.071225726977,sfh,27414.764697100116,30460.849663444573,34268.45587137514,r1,-85204.42457746896,-202803.994656912,-117599.57007944303,0.3311979290829584
132,w99758777,337.6781565959565,ab,38785.81336494016,43095.34818326684,48482.26670617519,r1,-120545.36838240304,-283956.9485757302,-163411.58019332716,0.3311979290829584
133,w99758783,333.3155570875853,th,46165.858494498185,51295.3983272202,57707.32311812273,r1,-143482.36986927918,-239441.03339244364,-95958.66352316446,0.3311979290829584
134,w99758786,182.17889552428386,mfh,24975.758120688377,27750.84235632042,31219.69765086047,r1,-77624.05122099778,-166660.11722864935,-89036.06600765158,0.3311979290829584
135,w99758788,349.08404515869915,other,29695.324703960447,32994.80522662272,37119.15587995056,nr1,-86246.9994082089,-223539.0587382261,-137292.0593300172,0.3311847143494592
136,w99758792,60.93018751584459,sfh,7098.129910688255,7886.811011875839,8872.662388360319,r1,-22060.815815803362,-64773.87856312407,-42713.062747320706,0.3311979290829584
137,w99758793,126.39461716674268,ab,14533.912444621437,16148.79160513493,18167.390555776794,r1,-45171.04780528266,-112532.07035863707,-67361.02255335441,0.3311979290829584
138,w99758796,906.0679207786917,ab,92578.39928517047,102864.88809463385,115722.99910646307,r2,-264863.6848434143,-543764.859532245,-278901.1746888307,0.30487564825627783
139,w99758800,420.9761067721993,ab,43617.35169245246,48463.724102724955,54521.68961556557,r1,-135561.67246409436,-295270.10262538434,-159708.43016129,0.3311979290829584
140,w99758801,293.7319820257835,mfh,30453.792851169546,33837.547612410606,38067.241063961934,r1,-94649.65046224937,-206937.66758117324,-112288.01711892388,0.3311979290829584
141,w99758803,512.6721141899004,mfh,56071.10035591353,62301.2226176817,70088.8754448919,r2,-160417.53117534248,-344421.09310924326,-184003.56193390078,0.30487564825627783
142,w99758805,165.76912949401884,sfh,21149.48042883679,23499.42269870754,26436.850536045986,r1,-65732.07284329148,-165320.82808082266,-99588.75523753118,0.3311979290829584
143,w99758807,110.8734177275095,other,10633.353902934445,11814.837669927161,13291.692378668055,nr1,-30883.47667238508,-88416.63554028269,-57533.15886789761,0.3311847143494592
144,w99758813,43.0509613757953,other,4335.785169212401,4817.539076902668,5419.731461515501,nr0,-15440.939773539323,-42731.85486197086,-27290.91508843154,0.4060881731088696
145,w99758814,84.92593946289271,th,9884.973779293656,10983.304199215172,12356.217224117068,r1,-30722.25905032756,-73228.91961562322,-42506.660565295664,0.3311979290829584
146,w99758818,424.19755738042295,mfh,42981.25264898336,47756.94738775929,53726.5658112292,r1,-133584.6920459916,-292670.12729353923,-159085.43524754763,0.3311979290829584
147,w99758821,35.03456762442365,sfh,4362.174934958981,4846.861038843312,5452.718668698726,r0,-16636.10070634989,-51870.328631747856,-35234.227925397965,0.4064044457306171
148,w99758824,478.7830200769007,ab,54415.092655594315,60461.21406177146,68018.86581949289,r2,-155679.74887383022,-389867.9386579683,-234188.18978413809,0.30487564825627783
149,w99758826,392.0728006519377,ab,50422.93344994148,56025.48161104609,63028.666812426854,r2,-144258.31573332287,-327043.8122668113,-182785.49653348845,0.30487564825627783
152,w99758837,194.723237061128,mfh,27818.768765056746,30909.743072285273,34773.46095632093,r1,-86460.0594339973,-196403.6431675959,-109943.5837335986,0.3311979290829584
153,w99758838,478.1149431033991,ab,49879.55482966044,55421.727588511596,62349.443537075545,r1,-155024.44811758984,-345006.98045753856,-189982.53233994872,0.3311979290829584
154,w99758842,66.20839738831855,sfh,9098.77198804681,10109.746653385344,11373.464985058512,r1,-28278.762928252563,-69123.96563195018,-40845.20270369762,0.3311979290829584
155,w99758845,141.8255072105676,th,20597.68337727332,22886.31486363702,25747.104221591646,r1,-64017.10097388189,-167834.54611885664,-103817.44514497474,0.3311979290829584
156,w99758846,563.5821329504251,other,39110.73926488373,43456.37696098192,48888.424081104655,nr1,-113593.09722527332,-294531.4291615748,-180938.3319363015,0.3311847143494592
157,w99758847,385.25146163031457,sfh,48245.97195129891,53606.635501443234,60307.46493912364,r1,-149947.31210390295,-349121.3806155535,-199174.06851165058,0.3311979290829584
158,w99758850,177.17881421931088,ab,22322.486341848085,24802.762602053426,27903.107927310106,r1,-69377.74680578469,-159876.8559780228,-90499.10917223811,0.3311979290829584
159,w99758852,422.9061155930161,other,27630.39919965029,30700.443555166985,34537.99899956286,nr1,-80249.63684276502,-215467.36890013187,-135217.73205736687,0.3311847143494592
160,w99758858,57.38898355839774,sfh,6590.511049374096,7322.7900548601065,8238.13881171762,r1,-20483.148691506725,-59760.77421172353,-39277.62552021681,0.3311979290829584
161,w99758862,402.33381934519855,sfh,47385.93913186298,52651.04347984775,59232.42391482872,r1,-147274.35093471484,-371583.42501900066,-224309.07408428582,0.3311979290829584
162,w99758864,101.365438436158,other,10686.907379847416,11874.341533163795,13358.63422480927,nr1,-31039.01720739073,-88618.32627273405,-57579.30906534332,0.3311847143494592
163,w99758865,63.831228005420414,other,4034.3888558582253,4482.654284286917,5042.986069822781,nr0,-14367.58347454308,-43606.7511958536,-29239.167721310518,0.4060881731088696
164,w99758868,445.0926624152809,ab,49002.607042031916,54447.341157813236,61253.258802539895,r1,-152298.91563701097,-330726.6903345695,-178427.77469755852,0.3311979290829584
165,w99758869,105.27734354436397,other,8736.207849217513,9706.897610241682,10920.259811521892,nr1,-25373.412168851035,-76776.20731553485,-51402.79514668381,0.3311847143494592
166,w99758874,732.9468768487684,ab,73910.07250364788,82122.30278183098,92387.59062955985,r2,-211454.23016074832,-464733.1239011309,-253278.8937403826,0.30487564825627783
167,w99758876,118.68904608124866,sfh,12352.210694951837,13724.678549946484,15440.263368689795,r1,-38390.37161731893,-105065.23977251271,-66674.86815519378,0.3311979290829584
168,w99758878,556.4759241774678,other,50045.05270888446,55605.61412098273,62556.31588610557,nr2,-133804.1304317945,-345967.262556369,-212163.1321245745,0.30487564825627783
169,w99758879,141.26093079326674,other,12063.985867794016,13404.42874199335,15079.982334742519,nr1,-35038.599253353255,-121298.43923099442,-86259.83997764117,0.3311847143494592
170,w99758882,536.390386541374,other,53874.88809445505,59860.98677161672,67343.6101180688,nr2,-144043.85975017754,-358642.0528749735,-214598.19312479597,0.30487564825627783
171,w99758886,70.57262436598539,sfh,9862.178496867567,10957.97610763063,12327.723121084458,r1,-30651.41186474507,-85093.10192345268,-54441.69005870761,0.3311979290829584
172,w99758887,84.85345135740936,sfh,11592.59887534742,12880.665417052687,14490.748594184273,r1,-36029.51648298744,-99733.4275512093,-63703.91106822186,0.3311979290829584
173,w99758888,71.82869699064176,other,5611.650315189278,6235.167016876976,7014.562893986597,nr1,-16298.457963945273,-49427.28587001818,-33128.82790607291,0.3311847143494592
174,w99758891,1365.0763243824242,trade,109673.71393623555,121859.68215137284,137092.14242029443,nr2,-293231.70084019465,-791495.6696927649,-498263.9688525702,0.30487564825627783
175,w99758895,154.4283221337944,other,11343.022479982455,12603.358311091617,14178.778099978068,nr1,-32944.63565801224,-54980.07761718754,-22035.441959175303,0.3311847143494592
176,w99758899,158.4874060918577,th,20589.83452385864,22877.59391539849,25737.2931548233,r1,-63992.706927601386,-152635.49671416357,-88642.78978656218,0.3311979290829584
177,w99758900,82.77785695786588,sfh,10694.216001383687,11882.462223759652,13367.770001729608,r1,-33237.36427332687,-88439.53431398902,-55202.170040662146,0.3311979290829584
178,w99758903,400.34018093422054,trade,29613.781724427085,32904.20191603009,37017.22715553385,nr1,-86010.16625761466,-231980.90135227222,-145970.73509465758,0.3311847143494592
179,w99758905,110.54209396946244,sfh,14100.026680676654,15666.696311862948,17625.033350845817,r1,-43822.54136148374,-101835.1636131494,-58012.62225166566,0.3311979290829584
180,w99758908,248.9345047255978,ab,27512.151103074764,30569.05678119418,34390.18887884345,r1,-85507.09916812906,-192627.8316085944,-107120.73244046533,0.3311979290829584
181,w99758913,208.22132023065353,ab,22300.78576510543,24778.65085011714,27875.982206381785,r1,-69310.30193894792,-171545.39108335538,-102235.08914440747,0.3311979290829584
182,w99758915,71.10941483918579,ab,10013.713282288307,11126.348091431451,12517.141602860384,r1,-31122.378307021703,-76112.52476528265,-44990.14645826095,0.3311979290829584
183,w99758919,819.0798590054737,ab,94696.69321739217,105218.54801932463,118370.8665217402,r2,-270924.05249722785,-581079.7689879125,-310155.7164906846,0.30487564825627783
184,w99758922,83.9358181065414,th,11677.410484752485,12974.900538613872,14596.763105940605,r1,-36293.108910523835,-85566.39821684785,-49273.28930632402,0.3311979290829584
185,w99758926,36.12754547015065,sfh,4556.491211661925,5062.768012957695,5695.614014577406,r0,-17377.16799418518,-42460.47481657044,-25083.306822385257,0.4064044457306171
186,w99758928,119.38002583179623,sfh,17308.899478423707,19232.110531581897,21636.124348029633,r1,-53795.64028446124,-123888.70794827862,-70093.06766381738,0.3311979290829584
187,w99758931,65.79372537583113,th,8611.439252918039,9568.265836575598,10764.299066147547,r1,-26764.144592724653,-75965.60202174816,-49201.4574290235,0.3311979290829584
188,w99758935,355.7203856162727,ab,44548.24205703894,49498.046730043265,55685.30257129867,r1,-138454.85716714204,-305520.1013069889,-167065.24413984688,0.3311979290829584
189,w99758936,99.44306262517348,th,12820.809152675898,14245.343502973219,16026.011440844872,r1,-39846.76427249614,-113040.96784314922,-73194.20357065307,0.3311979290829584
190,w99758945,525.0721962768584,mfh,72696.76550898828,80774.18389887585,90870.95688623533,r2,-207982.999680062,-347078.6300562552,-139095.6303761932,0.30487564825627783
191,w99758951,355.6037514369003,ab,38846.362119594094,43162.62457732677,48557.95264949262,r1,-120733.55244512152,-258698.97086249676,-137965.41841737524,0.3311979290829584
192,w99758953,525.4067761451006,other,30960.182478675506,34400.2027540839,38700.22809834438,nr1,-89920.64799884948,-250250.99568620147,-160330.34768735198,0.3311847143494592
193,w99758954,37.75478148937691,sfh,3643.787391156788,4048.6526568408754,4554.7342389459845,r0,-13896.373917975914,-40823.06086418707,-26926.686946211157,0.4064044457306171
194,w99758959,30.14875982720405,sfh,3902.3905445980445,4335.989493997827,4877.988180747555,r0,-14882.613160503872,-38051.40629729328,-23168.79313678941,0.4064044457306171
195,w99758962,201.50926117040217,mfh,21723.95521923704,24137.72802137449,27154.944024046297,r1,-67517.52657565537,-112672.14466909974,-45154.61809344437,0.3311979290829584
196,w99758966,155.61690238779408,th,21851.717362183943,24279.685957982158,27314.646702729926,r1,-67914.60822099689,-162353.75353143417,-94439.14531043728,0.3311979290829584
197,w99758967,90.83302856497467,ab,10128.948163735615,11254.386848595128,12661.185204669518,r1,-31480.525527085552,-86579.14541191566,-55098.6198848301,0.3311979290829584
198,w99758970,391.2386861808598,th,48443.52710272418,53826.14122524909,60554.40887840523,r1,-150561.30872891448,-332360.7929316307,-181799.4842027162,0.3311979290829584
199,w99758974,163.93810575278476,sfh,20363.139486646123,22625.710540717915,25453.924358307653,r1,-63288.14424345388,-140263.83065761154,-76975.68641415767,0.3311979290829584
200,w99758975,139.83927450878545,sfh,19017.06701210734,21130.074457897044,23771.333765134175,r1,-59104.58360013462,-138346.09345044335,-79241.50985030874,0.3311979290829584
201,w99758979,705.2831632008775,trade,40567.1544633245,45074.61607036056,50708.94307915562,nr1,-117823.10454158581,-297386.33322758286,-179563.22868599705,0.3311847143494592
202,w99758981,319.7999828794971,other,27092.453379920906,30102.725977689894,33865.56672490113,nr1,-78687.22884560103,-131318.1907464923,-52630.96190089127,0.3311847143494592
203,w99758984,336.42351993245535,ab,41356.19257743753,45951.325086041696,51695.24072179691,r1,-128534.04470942955,-283289.53653021733,-154755.49182078778,0.3311979290829584
204,w99758985,1446.6540044941007,ab,159203.44292933436,176892.71436592707,199004.30366166795,r2,-455475.6925979406,-933244.288657194,-477768.5960592534,0.30487564825627783
205,w99758989,963.3213891830295,education,66773.88157928629,74193.20175476254,83467.35197410785,nr2,-178531.5566005162,-506661.27662253135,-328129.72002201516,0.30487564825627783
206,w99758991,346.04414169639347,ab,38927.20383955835,43252.44871062039,48659.00479944794,r1,-120984.80655244332,-288177.23947979655,-167192.43292735325,0.3311979290829584
207,w99758995,38.315451947040856,sfh,4605.429916486004,5117.144351651115,5756.787395607505,r0,-17563.806364729888,-45879.39964294476,-28315.59327821487,0.4064044457306171
208,w99758997,604.6954287230968,other,49421.63020499519,54912.92244999466,61777.03775624399,nr1,-143540.01357238763,-390744.40966978093,-247204.3960973933,0.3311847143494592
209,w99759000,505.76658869385716,other,34496.09632156219,38328.995912846876,43120.120401952736,nr1,-100190.34405892497,-167203.94027222277,-67013.5962132978,0.3311847143494592
210,w99759001,277.86601877255595,other,21620.245901575137,24022.495446194596,27025.30737696892,nr1,-62793.768179601364,-170556.3658922155,-107762.59771261412,0.3311847143494592
211,w99759005,200.24946516156197,th,21517.100210125434,23907.889122361594,26896.37526265679,r1,-66874.62621823644,-154062.4643754974,-87187.83815726095,0.3311979290829584
212,w99759006,478.86383471041916,sfh,50992.01233528256,56657.79148364729,63740.0154191032,r2,-145886.43127325276,-317753.6188265417,-171867.18755328894,0.30487564825627783
213,w99759010,347.4218390390277,ab,42845.86231337848,47606.513681531644,53557.32789172309,r1,-133163.90216265607,-293642.3775772764,-160478.4754146203,0.3311979290829584
214,w99759011,1184.1155465334652,health,81096.3879180279,90107.09768669767,101370.48489753487,nr2,-216825.26202245028,-554857.1331803502,-338031.8711578999,0.30487564825627783
215,w99759013,1127.2734199425206,other,48346.56544700629,53718.406052229206,60433.20680875786,nr1,-140417.59916976988,-364225.202231093,-223807.60306132314,0.3311847143494592
216,w99759015,262.8249901607633,mfh,34217.03964154063,38018.932935045144,42771.29955192578,r1,-106345.73032502827,-177468.0163778844,-71122.28605285613,0.3311979290829584
217,w99759016,162.4421672269469,other,8362.91554321064,9292.128381345156,10453.644429013299,nr1,-24289.22327325126,-86739.57794879074,-62450.35467553948,0.3311847143494592
218,w99759020,78.66829424034803,other,5363.4306045502435,5959.367338389159,6704.288255687804,nr1,-15577.529486145686,-51792.82739933718,-36215.29791319149,0.3311847143494592
219,w99759023,45.55874986834824,th,6763.263251708072,7514.736946342302,8454.079064635089,r1,-21020.05835157446,-49552.25585620208,-28532.19750462762,0.3311979290829584
220,w99759028,314.5253525768406,trade,33061.024403090545,36734.47155898949,41326.28050386318,nr1,-96022.32609188608,-253363.58577709124,-157341.25968520518,0.3311847143494592
221,w99759036,422.98085668310523,mfh,42631.70476229463,47368.56084699403,53289.63095286828,r1,-132498.30568168568,-281783.239382353,-149284.9337006673,0.3311979290829584
222,w99759038,116.55152825303375,ab,12476.366237759883,13862.629153066537,15595.457797199853,r1,-38776.24403679594,-101916.42859016947,-63140.184553373525,0.3311979290829584
224,w99759044,415.2007402397692,trade,30727.523085082063,34141.69231675785,38409.403856352576,nr1,-89244.91285260633,-241211.63001918915,-151966.71716658282,0.3311847143494592
225,w99759045,941.2816024620085,trade,46874.11717738663,52082.35241931848,58592.646471733286,nr1,-136141.0254564147,-353218.14041495894,-217077.11495854423,0.3311847143494592
226,w99759047,442.628270605579,mfh,44840.233894655554,49822.482105172836,56050.29236831944,r1,-139362.36072518185,-290782.08055081445,-151419.7198256326,0.3311979290829584
227,w99759050,246.0824731603265,trade,22511.684368925235,25012.98263213915,28139.60546115654,nr1,-65382.8590123325,-182712.48558865685,-117329.62657632436,0.3311847143494592
228,w99759051,91.54405212756247,th,11301.573718027325,12557.30413114147,14126.967147534155,r1,-35125.017343892185,-85182.771106216,-50057.75376232381,0.3311979290829584
229,w99759055,270.5142616614699,other,18027.259599334837,20030.288443705373,22534.074499168546,nr1,-52358.31106396683,-139355.59686295182,-86997.28579898499,0.3311847143494592
230,w99759057,194.30349186724052,th,26936.28423283178,29929.20470314642,33670.35529103972,r1,-83717.31888533599,-186580.90441752793,-102863.58553219194,0.3311979290829584
231,w99759061,534.3112589053809,trade,25116.553078843055,27907.281198714503,31395.691348553817,nr1,-72948.43077564718,-202704.219487246,-129755.78871159883,0.3311847143494592
232,w99759062,137.67195288166403,th,17570.109600664895,19522.344000738773,21962.637000831117,r1,-54607.475016777025,-133646.0524477181,-79038.57743094108,0.3311979290829584
233,w99759063,182.5971095246263,sfh,23409.161696221272,26010.17966246808,29261.45212027659,r1,-72755.10748332055,-186017.75734708985,-113262.6498637693,0.3311979290829584
234,w99759067,347.13443305995315,other,14604.042087206286,16226.713430229207,18255.052609007857,nr1,-42415.929841129255,-119126.45600872526,-76710.526167596,0.3311847143494592
235,w99759073,34.86947953915223,sfh,3369.323871661266,3743.69319073474,4211.654839576582,r0,-12849.64772780086,-41498.510914074235,-28648.863186273375,0.4064044457306171
236,w99759074,1179.944325777702,mfh,115106.04981104136,127895.61090115707,143882.5622638017,r2,-329314.534882065,-689690.1002163579,-360375.5653342928,0.30487564825627783
237,w99759077,212.39228247441352,sfh,25996.152531155218,28884.613923505796,32495.19066394402,r1,-80795.41233047647,-182825.7320916138,-102030.31976113735,0.3311979290829584
239,w99759083,341.51128259450195,trade,15755.53024255659,17506.144713951766,19694.412803195737,nr1,-45760.308097407826,-127778.21419968258,-82017.90610227475,0.3311847143494592
240,w99759085,319.12387123871594,other,16124.762320599133,17916.40257844348,20155.952900748915,nr1,-46832.7044808082,-138405.48254988992,-91572.77806908172,0.3311847143494592
241,w99759087,592.8829183824361,other,51137.99563470979,56819.99514967755,63922.494543387234,nr2,-136726.30295206996,-349444.9761263745,-212718.67317430454,0.30487564825627783
242,w99759088,334.1662621571682,ab,38269.47653436571,42521.64059373968,47836.84566795714,r1,-118940.60602083137,-261610.7973777092,-142670.19135687785,0.3311979290829584
243,w99759091,80.87078364617192,sfh,11524.131641001168,12804.590712223518,14405.164551251459,r1,-35816.72197720419,-59770.360154804046,-23953.638177599852,0.3311979290829584
244,w99759093,176.2003906674683,sfh,24764.95217261122,27516.61352512358,30956.190215764025,r1,-76968.87144098233,-183617.1299354402,-106648.25849445787,0.3311979290829584
245,w99759094,339.69808716569094,other,37582.71276836215,41758.56974262461,46978.390960452685,nr1,-109155.10229997628,-279046.75702429295,-169891.65472431667,0.3311847143494592
246,w99759096,246.47077107857913,mfh,23598.463882924807,26220.515425472007,29498.079853656007,r1,-73343.45409389852,-160717.5942483319,-87374.1401544334,0.3311979290829584
247,w99759099,50.23060751573648,th,7134.781015914094,7927.53446212677,8918.476269892617,r1,-22174.726563001066,-65955.59589980778,-43780.86933680672,0.3311979290829584
248,w99759102,1460.464218017459,other,128159.99370613102,142399.99300681223,160199.99213266376,nr2,-342657.97687827755,-825460.320482271,-482802.3436039935,0.30487564825627783
249,w99759105,189.26809048298745,mfh,22334.256335775855,24815.840373084284,27917.820419719817,r1,-69414.32766179336,-153681.4916036715,-84267.16394187813,0.3311979290829584
250,w99759110,35.61810292806477,th,4375.3120568172735,4861.457840908081,5469.140071021591,r0,-16686.2019713117,-51757.58885952944,-35071.386888217734,0.4064044457306171
251,w99759111,238.72463138289748,th,34535.9950545772,38373.327838419114,43169.9938182215,r1,-107337.03602230187,-179122.291121041,-71785.25509873913,0.3311979290829584
252,w99759113,635.4707306571305,th,86670.32318175596,96300.35909083995,108337.90397719495,r2,-247960.87793415348,-563639.7587806233,-315678.88084646984,0.30487564825627783
253,w99759120,160.90588292758912,th,23237.39167444857,25819.324082720632,29046.73959306071,r1,-72221.2504166447,-120521.6421251653,-48300.39170852059,0.3311979290829584
254,w99759121,33.129497365746644,ab,3818.7156608234063,4243.017400914896,4773.394576029257,r0,-14563.50083378099,-42807.62616774076,-28244.125333959768,0.4064044457306171
255,w99759126,310.54387535755524,ab,34300.81502744586,38112.016697162064,42876.01878430732,r1,-106606.10219502886,-235278.73740534042,-128672.63521031156,0.3311979290829584
256,w99759127,85.13879598667843,other,8496.79167350324,9440.879637225822,10620.989591879048,nr1,-24678.05264774802,-69531.42937295219,-44853.37672520417,0.3311847143494592
257,w99759131,184.6887545518577,ab,20787.501022478882,23097.223358309868,25984.3762780986,r1,-64607.04961699758,-161208.0235748066,-96600.97395780902,0.3311979290829584
258,w99759132,153.35469039995223,ab,17695.00512599379,19661.116806659767,22118.756407492237,r1,-54995.647284003346,-128609.7630247936,-73614.11574079026,0.3311979290829584
259,w99759137,162.2998407471925,mfh,21055.671207008436,23395.19023000937,26319.589008760544,r1,-65440.51605430358,-186320.1308530225,-120879.61479871892,0.3311979290829584
260,w99759138,557.9003615580499,mfh,56330.74901759959,62589.721130666214,70413.43627199948,r2,-161160.37725855235,-345914.1860978757,-184753.80883932335,0.30487564825627783
261,w99759140,160.4533356629312,ab,17634.05521702537,19593.394685583742,22042.56902128171,r1,-54806.216443393096,-135780.95709129362,-80974.74064790053,0.3311979290829584
262,w99759142,128.98004897348582,sfh,17650.096411774208,19611.218235304674,22062.620514717757,r1,-54856.07208808717,-121884.69123947868,-67028.61915139151,0.3311979290829584
263,w99759148,518.2482564277947,ab,59352.94618142581,65947.71797936202,74191.18272678225,r2,-169806.7816392182,-367370.21658444585,-197563.43494522764,0.30487564825627783
264,w99759152,155.39786574579776,ab,16837.00273483737,18707.780816485967,21046.253418546712,r1,-52328.996636722455,-124263.4329752138,-71934.43633849134,0.3311979290829584
265,w99759159,71.9146042395383,sfh,9767.034283888204,10852.260315431338,12208.792854860254,r1,-30355.705955598965,-86347.78103995498,-55992.07508435601,0.3311979290829584
266,w99759161,242.4930030848831,mfh,32388.127737790874,35986.808597545416,40485.15967223859,r1,-100661.51643212681,-224574.87986499953,-123913.36343287272,0.3311979290829584
267,w99759162,714.1891373082996,mfh,77904.36715681193,86560.40795201325,97380.45894601491,r2,-222881.7727447217,-475061.91196431546,-252180.13921959375,0.30487564825627783
268,w99759164,595.7694656141102,mfh,71961.73720566227,79957.48578406918,89952.17150707783,r2,-205880.10843992027,-343569.35952977743,-137689.25108985716,0.30487564825627783
269,w99759165,160.50856082765387,mfh,22755.65774251579,25284.064158350877,28444.572178144736,r1,-70724.03302582333,-160830.40316686349,-90106.37014104016,0.3311979290829584
270,w99759170,93.69908212199807,sfh,11619.451405943726,12910.501562159696,14524.314257429656,r1,-36112.97349759933,-99595.12694619902,-63482.15344859969,0.3311979290829584
271,w99759172,204.59550149962305,other,17169.669362300792,19077.410402556434,21462.08670287599,nr1,-49867.52891548618,-137817.9712922006,-87950.4423767144,0.3311847143494592
272,w99759176,41.50382452430203,sfh,4163.668093659857,4626.297881844285,5204.585117074821,r0,-15879.051791074626,-38965.8073003175,-23086.755509242874,0.4064044457306171
273,w99759177,360.73507672324774,ab,44758.280247853094,49731.42249761455,55947.850309816364,r1,-139107.65077618242,-303687.83950683475,-164580.18873065233,0.3311979290829584
274,w99759180,347.1465133147314,education,19069.298725020304,21188.109694467003,23836.62340627538,nr1,-55384.805933185715,-146270.11374068144,-90885.30780749573,0.3311847143494592
275,w99759183,128.67689446713774,sfh,18376.72489710795,20418.583219008833,22970.906121384935,r1,-57114.41581850074,-143850.2816056883,-86735.86578718756,0.3311979290829584
276,w99759189,171.2441471248865,ab,18363.415474169808,20403.794971299787,22954.269342712258,r1,-57073.0504544193,-143271.19630652756,-86198.14585210825,0.3311979290829584
277,w99759190,369.99921465907244,other,20710.457907946584,23011.619897718425,25888.072384933228,nr1,-60151.38304556669,-162708.23889861396,-102556.85585304727,0.3311847143494592
278,w99759195,184.4751641433686,sfh,22818.050116989565,25353.389018877293,28522.562646236955,r1,-70917.94701428161,-158752.45085724173,-87834.50384296011,0.3311979290829584
279,w155463247,886.8482149265707,mfh,90574.02742084471,100637.808245383,113217.53427605589,r2,-259129.24439206786,-538057.0811935104,-278927.83680144255,0.30487564825627783
280,w155463249,403.549402025342,trade,23648.752708879776,26276.391898755304,29560.940886099717,nr1,-68685.35640614187,-193520.34271822975,-124834.98631208787,0.3311847143494592
281,w155463253,721.7602650925515,mfh,85711.09171490726,95234.54634989696,107138.86464363408,r2,-245216.54898821114,-409213.3685006652,-163996.81951245404,0.30487564825627783
282,w155463254,852.2730644002556,mfh,87014.59305688317,96682.88117431464,108768.24132110395,r2,-248945.82246128767,-415436.7191116845,-166490.8966503968,0.30487564825627783
283,w155463255,713.9319995328784,mfh,71073.4939418158,78970.54882423978,88841.86742726975,r2,-203338.8743538239,-339328.58962737495,-135989.71527355106,0.30487564825627783
284,w155463260,725.1058137452229,mfh,66389.32398774149,73765.91554193498,82986.65498467686,r2,-189937.62175010054,-383419.2465138235,-193481.62476372297,0.30487564825627783
285,w155463261,1003.1358517257496,mfh,96812.24176736335,107569.15751929261,121015.30220920418,r2,-276976.56570481224,-572857.9699989469,-295881.40429413464,0.30487564825627783
286,w155463268,907.8277638942003,mfh,88048.47049851796,97831.63388724218,110060.58812314743,r2,-251903.71102905576,-515826.1435200568,-263922.43249100103,0.30487564825627783
287,w155463269,646.430608794326,mfh,65800.13973759115,73111.26637510127,82250.17467198893,r2,-188251.9854380508,-404147.35131517646,-215895.36587712567,0.30487564825627783
288,w155463275,531.2511221051216,mfh,56742.54191479465,63047.26879421628,70928.17739349332,r2,-162338.5028794919,-329995.9841412758,-167657.48126178392,0.30487564825627783
289,w155463277,722.3371928531676,mfh,75825.75026506544,84250.83362785049,94782.18783133179,r2,-216934.91976846886,-456239.4835093859,-239304.56374091704,0.30487564825627783
290,w155463281,852.691491766274,mfh,81167.2147222987,90185.79413588744,101459.01840287336,r2,-232216.66982600684,-489198.1630962004,-256981.49327019355,0.30487564825627783
291,w155463286,75.58565192222595,sfh,11379.481362010443,12643.868180011603,14224.351702513053,r1,-35367.152414140306,-91285.40329396221,-55918.250879821906,0.3311979290829584
292,w155463289,870.3151384696364,mfh,92029.85106537899,102255.39007264332,115037.31383172373,r2,-263294.3068467098,-544282.9920998893,-280988.6852531795,0.30487564825627783
293,w155463294,520.8021583877504,mfh,73954.39748668816,82171.55276298684,92442.9968583602,r2,-211581.04244557198,-353082.9850076601,-141501.94256208814,0.30487564825627783
294,w155463296,531.2875348292291,mfh,59600.264491446156,66222.51610160685,74500.33061430769,r2,-170514.3510012619,-371535.7193651841,-201021.36836392217,0.30487564825627783
295,w155463300,903.6974393147975,mfh,82377.16016846654,91530.17796496282,102971.45021058316,r2,-235678.2830295833,-493055.2357457463,-257376.95271616298,0.30487564825627783
296,w155463302,619.062746527791,mfh,73694.19011571503,81882.43346190559,92117.73764464378,r2,-210836.59791389387,-439746.0953760412,-228909.49746214732,0.30487564825627783
297,w155463304,1087.9011799693108,mfh,132782.97083749846,147536.6342638872,165978.71354687307,r2,-379887.6110629515,-633950.2354802917,-254062.62441734015,0.30487564825627783
298,w155463308,740.3594694465398,mfh,74398.41232336155,82664.90258151284,92998.01540420194,r2,-212851.35395100436,-447118.806897059,-234267.45294605466,0.30487564825627783
299,w155463310,722.3160033598542,mfh,78437.63363840502,87152.92626489447,98047.04204800627,r2,-224407.43020271207,-374487.45122925803,-150080.02102654596,0.30487564825627783
300,w155463313,774.0583199881017,mfh,75098.58684319264,83442.87427021404,93873.2335539908,r2,-214854.5296894904,-445217.4461786566,-230362.9164891662,0.30487564825627783
301,w155463314,1101.9502923069522,mfh,104359.84119134728,115955.37910149698,130449.8014891841,r2,-298569.9936598647,-614382.496013155,-315812.50235329027,0.30487564825627783
302,w155463317,740.3064833164215,mfh,74649.75970721088,82944.17745245653,93312.1996340136,r2,-213570.45035768356,-444673.5418312509,-231103.09147356733,0.30487564825627783
303,w155463319,828.4481069911271,mfh,78474.43739685023,87193.8193298336,98093.04674606278,r2,-224512.72451707866,-454506.64355896326,-229993.9190418846,0.30487564825627783
304,w155463321,781.2118542082608,mfh,75955.85291213829,84395.3921245981,94944.81614017286,r2,-217307.13906344122,-448107.3614026491,-230800.22233920786,0.30487564825627783
305,w155463324,722.1055689860135,mfh,76230.77521241456,84700.86134712728,95288.4690155182,r2,-218093.68251265882,-454971.2781298674,-236877.59561720857,0.30487564825627783
306,w155463327,780.4636536210775,mfh,78934.78481367027,87705.31645963363,98668.48101708783,r2,-225829.76298467538,-478971.39833957556,-253141.63535490018,0.30487564825627783
307,w155463330,867.026127423346,mfh,92798.36038612344,103109.28931791494,115997.9504826543,r2,-265492.9861509597,-443050.3553875465,-177557.3692365868,0.30487564825627783
308,w155463331,701.7002469789237,mfh,75620.8436945795,84023.15966064388,94526.05461822437,r2,-216348.68896596428,-458742.178111786,-242393.48914582175,0.30487564825627783
309,w155463336,356.26551316827533,mfh,37646.38639526564,41829.31821696182,47057.98299408205,r1,-117004.05696237704,-235832.70154082094,-118828.6445784439,0.3311979290829584
310,w155463337,437.0872274041176,trade,16347.364508861188,18163.7383431791,20434.205636076484,nr1,-47479.22951431769,-128101.90057457809,-80622.6710602604,0.3311847143494592
311,w155463339,868.4495440013707,mfh,96284.55889755068,106982.84321950076,120355.69862193835,r2,-275466.88277222216,-459694.63103005395,-184227.7482578318,0.30487564825627783
312,w155463342,722.9579402044416,mfh,72192.16091602764,80213.5121289196,90240.20114503455,r2,-206539.34292089968,-439970.5024935978,-233431.15957269812,0.30487564825627783
313,w155463343,844.8904670208692,mfh,87271.28425516972,96968.09361685524,109089.10531896215,r2,-249680.2073412382,-528656.0147681533,-278975.80742691515,0.30487564825627783
314,w155463347,1083.6851687338203,mfh,101563.78341079073,112848.64823421191,126954.7292634884,r2,-290570.5664445366,-581230.832409649,-290660.2659651124,0.30487564825627783
315,w155463348,740.608741542697,mfh,73742.38733091138,81935.98592323487,92177.98416363922,r2,-210974.48852460503,-434693.79233571124,-223719.30381110622,0.30487564825627783
316,w155463352,356.4181080274284,mfh,38492.77211566138,42769.74679517931,48115.965144576716,r1,-119634.60327833844,-199644.27033480175,-80009.66705646331,0.3311979290829584
317,w155463353,722.1394314199686,mfh,96023.96050529758,106693.28945033065,120029.95063162198,r2,-274721.3195418209,-458450.447298566,-183729.1277567451,0.30487564825627783
318,w155463354,696.3946817303076,mfh,75225.69127239037,83584.10141376707,94032.11409048796,r2,-215218.17118402012,-466845.0728975335,-251626.90171351336,0.30487564825627783
319,w155463358,865.4375973489136,mfh,87470.73329689098,97189.70366321219,109338.41662111372,r2,-250250.82433760745,-516301.6462530193,-266050.82191541186,0.30487564825627783
320,w155463359,1101.9756921548396,mfh,103923.56216152417,115470.62462391573,129904.4527019052,r2,-297321.81403750036,-610632.8173773695,-313311.00333986914,0.30487564825627783
321,w155463364,740.593882034719,mfh,74624.72489312779,82916.3609923642,93280.90611640972,r2,-213498.8265970805,-445056.78761204076,-231557.96101496025,0.30487564825627783
322,w155463365,603.6562003400177,mfh,57345.292217422895,63716.9913526921,71681.61527177862,r2,-164062.95121114686,-336192.0087541766,-172129.05754302975,0.30487564825627783
323,w155463369,722.4004129424691,mfh,76517.50006263371,85019.44451403746,95646.87507829214,r2,-218913.99266007554,-457371.3457459473,-238457.3530858718,0.30487564825627783
324,w155463370,696.1379145577084,mfh,67777.64861111336,75308.49845679261,84722.06076389168,r2,-193909.57177672,-395412.6225227091,-201503.05074598908,0.30487564825627783
325,w155463373,865.3327697202564,mfh,87284.13642326384,96982.3738036265,109105.1705290798,r2,-249716.97696164553,-515385.2160818012,-265668.2391201557,0.30487564825627783
326,w155463376,746.0008564919234,mfh,78349.89022816702,87055.43358685223,97937.36278520877,r2,-224156.39925882223,-479835.68216947204,-255679.2829106498,0.30487564825627783
327,w155463378,701.7079005709849,mfh,75289.53058162499,83655.03397958331,94111.91322703123,r2,-215400.81329937637,-451497.3264201567,-236096.51312078032,0.30487564825627783
328,w155463380,903.4881653226912,mfh,80794.44802773364,89771.60891970404,100993.06003466704,r2,-231150.1968574554,-479724.6778837253,-248574.48102626993,0.30487564825627783
329,w155463382,654.6620004437864,mfh,67195.36451178146,74661.51612420162,83994.20563972682,r2,-192243.67656395322,-398421.9980403905,-206178.32147643727,0.30487564825627783
330,w155463388,654.8312545590103,mfh,81045.45395849762,90050.50439833068,101306.81744812202,r2,-231868.31637834825,-386938.05611921963,-155069.7397408714,0.30487564825627783
331,w155463390,658.415929133445,mfh,67307.170216775,74785.74468530556,84133.96277096875,r2,-192563.5489233779,-395793.1825897558,-203229.6336663779,0.30487564825627783
332,w155463392,746.3197361536323,mfh,74500.89326832342,82778.77029813713,93126.11658540426,r2,-213144.54848578153,-446221.03702322836,-233076.48853744683,0.30487564825627783
333,w155463395,740.6091377854347,mfh,81203.21252281987,90225.79169202207,101504.01565352484,r2,-232319.6583218754,-387691.24817668257,-155371.58985480716,0.30487564825627783
334,w155463397,721.9107812985777,mfh,69115.7372055503,76795.26356172255,86394.67150693786,r2,-197737.79821513372,-406322.7852142558,-208584.98699912208,0.30487564825627783
335,w155463400,957.7393607803388,mfh,132263.3739372203,146959.30437468924,165329.2174215254,r2,-378401.06181708514,-631469.5063987793,-253068.4445816942,0.30487564825627783
336,w155463402,519.368776667118,mfh,57328.60677905928,63698.45197673253,71660.7584738241,r2,-164015.21473349835,-353678.3388180705,-189663.12408457213,0.30487564825627783
337,w155463405,658.592996231094,mfh,66453.3492473543,73837.05471928256,83066.68655919287,r2,-190120.79586323106,-391253.17372518237,-201132.3778619513,0.30487564825627783
338,w155463406,932.8967588515952,mfh,87329.94975847227,97033.27750941363,109162.43719809034,r2,-249848.04737193522,-527629.3810254914,-277781.3336535562,0.30487564825627783
339,w155463408,740.3845857441426,mfh,81123.65596148898,90137.39551276554,101404.56995186122,r2,-232092.04967719945,-387311.4185910692,-155219.36891386972,0.30487564825627783
340,w155463411,886.3585438661277,mfh,86630.34371086476,96255.9374565164,108287.92963858094,r2,-247846.49801335018,-510522.12576492724,-262675.62775157706,0.30487564825627783
341,w155463413,436.59599217027426,trade,16616.663351011164,18462.959278901293,20770.829188763953,nr1,-48261.38014951323,-130420.7170431167,-82159.33689360347,0.3311847143494592
342,w155463416,722.4005093876273,mfh,71360.79474582999,79289.7719398111,89200.99343228748,r2,-204160.8322856658,-434889.1551700304,-230728.32288436464,0.30487564825627783
343,w155463417,828.3400002270937,mfh,74807.01169807202,83118.90188674668,93508.76462259002,r2,-214020.343011586,-442176.36492639163,-228156.02191480563,0.30487564825627783
344,w155463421,509.4774500131606,mfh,62634.51134401355,69593.90149334838,78293.13918001692,r2,-179195.22913591188,-299038.06915364566,-119842.84001773378,0.30487564825627783
345,w155463422,674.0859733853489,mfh,66828.4486191273,74253.83179903033,83535.56077390912,r2,-191193.94254277364,-395502.7411143325,-204308.79857155887,0.30487564825627783
346,w155463424,701.7858467099256,mfh,75354.80212003247,83727.55791114719,94193.50265004058,r2,-215587.55297419784,-456041.5199608701,-240453.96698667225,0.30487564825627783
347,w155463427,540.3469697440042,mfh,55711.525451732596,61901.69494636955,69639.40681466574,r2,-159388.79947514084,-338187.8538721744,-178799.05439703356,0.30487564825627783
348,w155463430,521.3457492198795,mfh,65819.9805171453,73133.31168571701,82274.97564643163,r2,-188308.74924065982,-314246.5625296034,-125937.81328894361,0.30487564825627783
349,w155463434,634.5610695700626,mfh,64418.57211226843,71576.19123585381,80523.21514033554,r2,-184299.36695545886,-380530.7952706891,-196231.42831523027,0.30487564825627783
350,w155463435,740.6094772338867,mfh,73569.89609015193,81744.3289890577,91962.37011268991,r2,-210480.99688958516,-437331.4234479043,-226850.42655831913,0.30487564825627783
351,w155463436,830.3215000247583,mfh,74986.73881598086,83318.59868442318,93733.42351997607,r2,-214534.53624762365,-434223.55210611515,-219689.0158584915,0.30487564825627783
352,w155463437,634.6341266736388,mfh,64166.464939277284,71296.07215475253,80208.0811740966,r2,-183578.09681761378,-380807.9357676064,-197229.83894999264,0.30487564825627783
353,w155463439,740.3900625675916,mfh,77902.86750022264,86558.74166691404,97378.5843752783,r2,-222877.48227768717,-475100.72914441745,-252223.24686673027,0.30487564825627783
354,w155463441,304.4361848443746,mfh,36817.49098632539,40908.32331813932,46021.863732906735,r1,-114427.87011073025,-190955.3591369547,-76527.48902622446,0.3311979290829584
355,w155463442,681.7836883433163,mfh,68711.68346108304,76346.31495675893,85889.6043263538,r2,-196581.8140497052,-413793.8748997164,-217212.0608500112,0.30487564825627783
356,w155463445,701.5969566701912,mfh,73907.62346345419,82119.58162606022,92384.52932931774,r2,-211447.22353917098,-445494.07174086414,-234046.84820169315,0.30487564825627783
357,w155463446,527.3302180506289,mfh,52013.41474555332,57792.683050614796,65016.768431941644,r2,-148808.62919610663,-312150.983793526,-163342.35459741938,0.30487564825627783
358,w155463447,540.1562461696565,mfh,59085.19228162839,65650.21364625376,73856.49035203549,r2,-169040.74674253468,-365379.26223200804,-196338.51548947336,0.30487564825627783
359,w155463448,488.2503870327026,mfh,51268.34796637681,56964.83107375201,64085.43495797101,r2,-146677.0182143782,-314966.6596371883,-168289.64142281012,0.30487564825627783
360,w155463452,416.2699146196246,mfh,40700.76121869014,45223.06802076682,50875.95152336267,r1,-126496.97992375198,-211096.0923043091,-84599.11238055713,0.3311979290829584
361,w155463453,826.68092449978,mfh,83117.14823153104,92352.38692392338,103896.4352894138,r2,-237795.36397542767,-491827.4090180233,-254032.04504259562,0.30487564825627783
362,w155463454,830.106713430956,mfh,73765.5043705863,81961.67152287367,92206.88046323288,r2,-211040.62559716462,-431388.0960956171,-220347.4704984525,0.30487564825627783
363,w155463458,653.3753796381876,mfh,58960.56636749198,65511.74040832442,73700.70795936497,r2,-168684.19619618673,-344594.3756852582,-175910.17948907145,0.30487564825627783
364,w155463459,716.456727950275,mfh,75283.97896378927,83648.8655153214,94104.97370473658,r2,-215384.9303075752,-453123.77449671796,-237738.84418914275,0.30487564825627783
365,w155463463,389.00259175430983,mfh,37000.96483362116,41112.18314846796,46251.206042026446,r1,-114998.10238361584,-191906.95343260115,-76908.8510489853,0.3311979290829584
366,w155463464,681.5525098629297,mfh,69179.35495120153,76865.94994577947,86474.19368900191,r2,-197919.8064445341,-413491.4640942422,-215571.6576497081,0.30487564825627783
367,w155463468,854.9059582386632,mfh,81699.0096870192,90776.67743002134,102123.762108774,r2,-233738.11732374522,-478635.7726526087,-244897.65532886348,0.30487564825627783
368,w155463469,716.6904537379742,mfh,100679.18201464991,111865.75779405545,125848.97751831239,r2,-288039.7516193875,-480676.02903885196,-192636.2774194645,0.30487564825627783
369,w155463470,608.2978411447257,mfh,64367.74654988399,71519.71838875998,80459.68318735498,r2,-184153.95673189347,-307313.11270760413,-123159.15597571066,0.30487564825627783
370,w155463473,376.1376306014136,mfh,43550.29606288637,48389.217847651526,54437.870078607964,r1,-135353.2651917729,-225875.31638964557,-90522.05119787267,0.3311979290829584
371,w155463474,720.4433401308954,mfh,67276.75041664802,74751.94490738669,84095.93802081002,r2,-192476.51889892243,-409624.6073833119,-217148.08848438947,0.30487564825627783
372,w155463478,851.8925360153429,mfh,87684.85616685112,97427.61796316791,109606.0702085639,r2,-250863.42266275454,-418636.77898169553,-167773.356318941,0.30487564825627783
373,w155463479,376.5337288361043,mfh,37121.41584101446,41246.017601127176,46401.76980126807,r1,-115372.46119676324,-241244.22772759586,-125871.76653083262,0.3311979290829584
374,w155463480,664.0854127705097,mfh,73172.86575571459,81303.18417301621,91466.08219464324,r2,-209345.10646389564,-349351.6915913352,-140006.58512743958,0.30487564825627783
375,w155463484,531.1159037780716,mfh,68085.21955592721,75650.24395103024,85106.52444490901,r2,-194789.52189924516,-325061.5700038103,-130272.04810456512,0.30487564825627783
376,w155463485,716.6882258921862,mfh,74226.11389675422,82473.45988528247,92782.64237094278,r2,-212358.41395078495,-439430.53553180984,-227072.1215810249,0.30487564825627783
377,w155463490,790.5601109853014,mfh,73479.01625668757,81643.35139631951,91848.77032085945,r2,-210220.9927443938,-437830.6844926781,-227609.6917482843,0.30487564825627783
378,w155463491,681.5525530032813,mfh,68426.0537270324,76028.94858559156,85532.5671587905,r2,-195764.636992793,-406673.5568786182,-210908.9198858252,0.30487564825627783
379,w155463494,531.001435648324,mfh,56124.10929184654,62360.12143538504,70155.13661480817,r2,-160569.1879571539,-331184.3765910867,-170615.1886339328,0.30487564825627783
380,w155463495,716.4590312853455,mfh,79038.97749810597,87821.08610900663,98798.72187263246,r2,-226127.8547484826,-487017.29075550335,-260889.43600702073,0.30487564825627783
381,w155463496,611.941689690575,mfh,60485.334200613484,67205.92688957053,75606.66775076685,r2,-173046.50565421986,-363066.3549292251,-190019.84927500525,0.30487564825627783
382,w155463500,1108.025532820262,mfh,100906.99247980208,112118.88053311342,126133.7405997526,r2,-288691.5096937546,-596269.4586956326,-307577.94900187803,0.30487564825627783
383,w155463502,540.1563036605716,mfh,59609.47184418452,66232.74649353835,74511.83980523064,r2,-170540.69292759424,-364092.42683913856,-193551.73391154432,0.30487564825627783
384,w155463507,1267.198863344267,mfh,124829.28501538603,138699.20557265115,156036.60626923252,r2,-357132.38358874986,-745629.6074225424,-388497.22383379255,0.30487564825627783
385,w155463508,530.6506136165466,mfh,59404.70237854505,66005.22486505006,74255.87797318131,r2,-169954.8543774415,-361589.91202292126,-191635.05764547977,0.30487564825627783
386,w155463511,1747.3368958860635,mfh,164794.07162005454,183104.52402228283,205992.58952506818,r2,-471470.29314244,-962252.0297793155,-490781.7366368755,0.30487564825627783
387,w155463513,612.2091895099729,mfh,81863.33408033723,90959.26008926358,102329.16760042153,r2,-234208.2438830715,-390842.8888893,-156634.6450062285,0.30487564825627783
388,w155463514,830.106801855378,mfh,74653.97590525495,82948.86211694994,93317.46988156869,r2,-213582.51275840128,-436524.19283807644,-222941.68007967516,0.30487564825627783
389,w155463518,691.345141955465,mfh,72173.4858662746,80192.76207363844,90216.85733284324,r2,-206485.91423202175,-426488.9729594687,-220003.05872744697,0.30487564825627783
390,w155463519,507.32179623667616,mfh,55562.18913504426,61735.76570560473,69452.73641880532,r2,-158961.5532986631,-333443.93373974325,-174482.38044108017,0.30487564825627783
391,w155463522,1139.1653657640795,mfh,129564.6746402093,143960.74960023255,161955.84330026162,r2,-370680.1739468066,-618585.0149309362,-247904.84098412958,0.30487564825627783
392,w155463523,446.09937440417707,mfh,52022.345619720814,57802.60624413424,65027.93202465102,r2,-148834.18012655195,-248372.0468660094,-99537.86673945744,0.30487564825627783
393,w155463528,681.6119319483638,mfh,68495.57242516302,76106.19158351446,85619.46553145377,r2,-195963.52764865404,-407419.707754847,-211456.18010619297,0.30487564825627783
394,w155463529,691.3949336603283,mfh,83645.16797269836,92939.0755252204,104556.45996587294,r2,-239306.0106856268,-399349.95879837376,-160043.94811274696,0.30487564825627783
395,w155463531,507.3216828555101,mfh,54061.208972385146,60068.00996931683,67576.51121548143,r2,-154667.29956530393,-323825.6331745848,-169158.33360928085,0.30487564825627783
396,w155463534,640.8467616457492,mfh,62761.80582241785,69735.3398026865,78452.25727802231,r2,-179559.41435482595,-365206.3699314102,-185646.95557658424,0.30487564825627783
397,w155463535,684.7868416263722,mfh,63983.21967634138,71092.46630704598,79979.02459542672,r2,-183053.8382870488,-385433.7898400216,-202379.95155297278,0.30487564825627783
398,w155463536,691.6131192699074,mfh,70337.30683773482,78152.56315303869,87921.63354716853,r2,-201232.66782371892,-412135.6989498121,-210903.03112609318,0.30487564825627783
399,w155463537,507.3215693686623,mfh,56345.158000452444,62605.73111161382,70431.44750056555,r2,-161201.60087359344,-350594.0118791749,-189392.41100558147,0.30487564825627783
400,w155463538,643.413233704865,mfh,67471.69315381986,74968.54794868872,84339.61644227481,r2,-193034.24350962508,-322132.39012000326,-129098.14661037817,0.30487564825627783
401,w155463539,710.019569536671,mfh,70101.74839593095,77890.83155103438,87627.18549491368,r2,-200558.74304889143,-408320.2723731442,-207761.5293242528,0.30487564825627783
402,w155463540,840.6794232809916,mfh,76273.68228195352,84748.53586883724,95342.1028524419,r2,-218216.4381946718,-454468.1036425643,-236251.66544789253,0.30487564825627783
403,w155463541,696.2558067506179,mfh,69091.86352939304,76768.73725488115,86364.8294117413,r2,-197669.49643106107,-411417.53411138756,-213748.0376803265,0.30487564825627783
404,w155463542,640.557884996757,mfh,65685.4859572708,72983.87328585643,82106.85744658849,r2,-187923.96483096151,-313604.44059660635,-125680.47576564483,0.30487564825627783
405,w155463543,587.0278481058776,mfh,64620.647257978446,71800.7191755316,80775.80907247306,r2,-184877.49714696454,-394703.53630996693,-209826.0391630024,0.30487564825627783
406,w155463544,825.5248426020145,mfh,98226.61890138821,109140.68766820912,122783.27362673526,r2,-281023.05108767294,-468966.67389055283,-187943.6228028799,0.30487564825627783
407,w155463545,709.4769112125038,mfh,68799.48875180824,76443.87639089805,85999.3609397603,r2,-196833.02203158644,-413130.9416457459,-216297.91961415944,0.30487564825627783
408,w155463546,647.0489746004342,mfh,65167.88665066121,72408.76294517911,81459.8583133265,r2,-186443.1306333565,-380185.1991813584,-193742.0685480019,0.30487564825627783
409,w155463547,586.4484846569597,mfh,65038.9578364076,72265.50870711956,81298.6972955095,r2,-186074.26963457736,-310517.69948906294,-124443.42985448558,0.30487564825627783
410,w155463548,500.40091222245246,mfh,58521.66054916764,65024.06727685293,73152.07568645955,r2,-167428.50142031885,-279401.9462875685,-111973.44486724964,0.30487564825627783
411,w155463549,672.5395986035466,mfh,71071.92574614852,78968.80638460947,88839.90718268565,r2,-203334.3877987938,-426952.2855816015,-223617.8977828077,0.30487564825627783
412,w155463551,586.1050742082298,mfh,58460.95059670617,64956.61177411796,73076.1882458827,r2,-167254.81228937928,-340853.42257509695,-173598.61028571767,0.30487564825627783
413,w155463552,667.035758360289,mfh,68669.64406031062,76299.60451145624,85837.05507538827,r2,-196461.54073883386,-415980.67970942263,-219519.13897058877,0.30487564825627783
414,w155463553,817.6307530952618,mfh,76749.54752122253,85277.27502358059,95936.93440152815,r2,-219577.87263007875,-461665.9160647988,-242088.04343472002,0.30487564825627783
415,w155463556,732.9133296664804,mfh,64357.9958795773,71508.88431064144,80447.49484947162,r2,-184126.06039228226,-375414.44279607915,-191288.3824037969,0.30487564825627783
416,w155463558,710.1379440590739,mfh,77163.4124884325,85737.12498714722,96454.26561054062,r2,-220761.92637360023,-453303.7237880449,-232541.79741444465,0.30487564825627783
417,w155463561,654.0662793286144,mfh,66767.48224207119,74186.09138007909,83459.35280258898,r2,-191019.51978969824,-318770.25211002294,-127750.73232032469,0.30487564825627783
418,w155463562,586.3292756803334,mfh,59654.3554106497,66282.61712294411,74567.94426331212,r2,-170669.10330079874,-359768.1382692249,-189099.03496842616,0.30487564825627783
419,w155463566,653.8032613813876,mfh,66481.29901255308,73868.11001394787,83101.62376569134,r2,-190200.75920088022,-395820.34149861423,-205619.582297734,0.30487564825627783
420,w155463567,133.41999841853976,sfh,16572.97361038044,18414.415122644932,20716.217012975547,r1,-51508.400513808236,-139095.4011021558,-87587.00058834755,0.3311979290829584
421,w155463569,886.7166110530495,mfh,90690.7250070177,100767.47223001966,113363.40625877211,r2,-259463.11225892196,-526451.20490115,-266988.092642228,0.30487564825627783
422,w155463572,311.3570919752121,mfh,35890.06917924034,39877.854643600374,44862.58647405042,r1,-111545.46560037394,-186145.24960751538,-74599.78400714144,0.3311979290829584
423,w155463574,863.4385226266459,mfh,80266.77887142508,89185.30985713897,100333.47358928135,r2,-229640.55315873903,-477339.54254591203,-247698.989387173,0.30487564825627783
424,w155463577,931.9227139726281,mfh,104741.59050899002,116379.54500998891,130926.98813623752,r2,-299662.1656107521,-500071.3235209722,-200409.1579102201,0.30487564825627783
425,w155463578,931.2066993936896,mfh,95901.79540846782,106557.55045385312,119877.24426058478,r2,-274371.80931097415,-568628.2211298196,-294256.4118188455,0.30487564825627783
426,w155463581,136.57608463019133,sfh,20238.058157433414,22486.731286037128,25297.572696791765,r1,-62899.39450225765,-148646.40022569458,-85747.00572343693,0.3311979290829584
427,w155463583,949.1963916398585,mfh,98696.62464541465,109662.91627268294,123370.7808067683,r2,-282367.72170437867,-594627.4763293063,-312259.7546249276,0.30487564825627783
428,w155463586,949.1754787907004,mfh,101711.11223859426,113012.34693177139,127138.89029824281,r2,-290992.0692628722,-485602.8084620158,-194610.7391991436,0.30487564825627783
429,w155463589,722.9646147996187,mfh,79863.38270239974,88737.09189155528,99829.22837799968,r2,-228486.4502945207,-381294.45328045794,-152808.00298593723,0.30487564825627783
430,w155463591,591.1442194825038,mfh,72104.48386231158,80116.0931803462,90130.60482788947,r2,-206288.50182078604,-442974.6773609615,-236686.17554017546,0.30487564825627783
431,w155463593,535.6290349200369,mfh,57403.922688774626,63782.13632086069,71754.90336096828,r2,-164230.69101661153,-347864.9270029287,-183634.23598631716,0.30487564825627783
432,w155463596,724.8313003255054,mfh,67296.75836170698,74774.1759574522,84120.94795213372,r2,-192533.76095641512,-397777.6491250722,-205243.88816865705,0.30487564825627783
433,w155463597,752.1160736689344,mfh,96345.81377389302,107050.90419321446,120432.26721736627,r2,-275642.1309120467,-459987.08226108603,-184344.95134903933,0.30487564825627783
434,w155463600,535.4490051213652,mfh,64489.169061256325,71654.6322902848,80611.4613265704,r2,-184501.34245073656,-307892.82431664254,-123391.48186590598,0.30487564825627783
435,w155463601,907.8308945208788,mfh,90872.07987539202,100968.97763932447,113590.09984424003,r2,-259981.96243426314,-544692.8959376347,-284710.9335033716,0.30487564825627783
436,w155463605,389.4215188790113,mfh,42998.73447932191,47776.37164369101,53748.41809915238,r1,-133639.0251512002,-223014.62063189232,-89375.5954806921,0.3311979290829584
437,w155463606,690.2915003947913,mfh,72619.17804943162,80687.97561047958,90773.97256178952,r2,-207761.02456929654,-434483.5627797672,-226722.53821047067,0.30487564825627783
438,w155463610,725.1058211326599,mfh,66694.63523034648,74105.15025594053,83368.2940379331,r2,-190811.1069406512,-390367.5081804717,-199556.40123982052,0.30487564825627783
439,w155463611,1002.8680375270545,mfh,112403.2420384642,124892.49115384911,140504.05254808025,r2,-321581.89280145295,-536650.6059443357,-215068.71314288274,0.30487564825627783
440,w155463612,535.6290688522159,mfh,63516.22491576578,70573.58323973975,79395.28114470722,r2,-181717.7819926683,-303247.6641258998,-121529.8821332315,0.30487564825627783
441,w155463616,543.6235096465331,mfh,57717.03913082603,64130.04347869559,72146.29891353253,r2,-165126.50662011246,-339078.01168935205,-173951.5050692396,0.30487564825627783
442,w155463618,752.1486698825844,mfh,78276.75754478379,86974.17504975977,97845.94693097973,r2,-223947.1691127738,-462997.91610007547,-239050.74698730168,0.30487564825627783
443,w155463621,238.18491610530762,mfh,25941.058157091844,28823.39795232427,32426.322696364805,r1,-80624.18035050538,-172012.03588057228,-91387.8555300669,0.3311979290829584
444,w155463623,73.76475410088896,mfh,9386.532258258556,10429.48028695395,11733.165322823193,r1,-29173.114877304386,-66399.69812735358,-37226.583250049196,0.3311979290829584
445,w155463625,52.41574023310095,sfh,7168.165529890833,7964.628366545369,8960.206912363541,r1,-22278.484823727173,-52551.03017501823,-30272.54535129106,0.3311979290829584
446,w155463626,98.3909645654261,mfh,11326.695090576788,12585.216767307542,14158.368863220985,r1,-35203.09396123042,-76085.65395061557,-40882.55998938515,0.3311979290829584
447,w155463629,643.7923131911084,mfh,60925.212855087026,67694.68095009669,76156.51606885878,r2,-174304.9836815721,-356235.2643952327,-181930.2807136606,0.30487564825627783
448,w155463631,546.7249739198014,mfh,62732.02766693095,69702.25296325661,78415.03458366368,r2,-179474.22005409273,-299503.6446373597,-120029.42458326698,0.30487564825627783
449,w155463632,612.4270064728335,mfh,67447.16411095476,74941.2934566164,84308.95513869345,r2,-192964.06674345615,-322015.2802797703,-129051.21353631417,0.30487564825627783
450,w155463633,683.6260891854763,mfh,67343.37274848943,74825.96972054381,84179.21593561179,r2,-192667.1231483006,-397709.27036028367,-205042.14721198307,0.30487564825627783
451,w155463638,279.5906790524721,ab,31093.580676718997,34548.42297413222,38866.97584589874,r1,-96638.09552570006,-220994.20264135112,-124356.10711565106,0.3311979290829584
452,w155463639,282.758548167441,other,12733.875761949328,14148.750846610365,15917.34470243666,nr1,-36984.22516856923,-121226.60547019093,-84242.3803016217,0.3311847143494592
453,w155463640,56.80619836300611,sfh,8149.209288913908,9054.67698768212,10186.511611142383,r1,-25327.54506175723,-66406.66462956366,-41079.119567806425,0.3311979290829584
454,w155463643,240.41873629689215,ab,28483.777730710135,31648.64192301126,35604.72216338767,r1,-88526.89118992875,-210784.00303048227,-122257.11184055352,0.3311979290829584
455,w155463644,98.43792371228336,mfh,11153.843250929993,12393.159167699992,13942.30406366249,r1,-34665.87463080808,-76078.43545769395,-41412.56082688587,0.3311979290829584
456,w155463645,98.39091195091605,mfh,11053.44919247696,12281.61021386329,13816.811490596201,r1,-34353.852329103174,-76246.15980191852,-41892.307472815344,0.3311979290829584
457,w155463647,97.66299930792302,mfh,9369.723502372359,10410.803891524843,11712.154377965448,r1,-29120.873671188987,-66457.53919395615,-37336.665522767165,0.3311979290829584
458,w155463653,376.11661268314344,mfh,49110.00769747382,54566.67521941535,61387.50962184227,r1,-152632.714272428,-254710.9785556217,-102078.26428319368,0.3311979290829584
459,w155463654,482.5493668295443,mfh,52586.0148678914,58428.905408768216,65732.51858486424,r2,-150446.8188765858,-320199.1629288603,-169752.34405227448,0.30487564825627783
460,w155463656,73.78574474137277,mfh,10518.511422655341,11687.23491406149,13148.139278319177,r1,-32691.278698944432,-75320.27809644763,-42628.9993975032,0.3311979290829584
461,w155463657,470.15250823192764,mfh,44569.71600670739,49521.906674119324,55712.145008384236,r1,-138521.5976825221,-280056.58135811193,-141534.98367558984,0.3311979290829584
462,w155463660,49.947176152281465,mfh,6130.094348688484,6811.2159429872045,7662.617935860605,r1,-19052.184739008386,-43117.015517434615,-24064.83077842623,0.3311979290829584
463,w155463661,78.16354378722608,sfh,10628.335831745004,11809.262035272226,13285.419789681255,r1,-33032.61030198515,-83567.61363027638,-50535.003328291226,0.3311979290829584
464,w155463663,104.99722011834383,sfh,12659.813951807402,14066.45994645267,15824.767439759253,r1,-39346.395088179,-93803.1414091473,-54456.7463209683,0.3311979290829584
465,w155463665,467.86907609552145,trade,25152.751602532997,27947.501780592218,31440.939503166246,nr1,-73053.56564392657,-195948.0936464238,-122894.52800249723,0.3311847143494592
466,w155463667,587.3173447391018,mfh,62170.68286456457,69078.53651618285,77713.3535807057,r2,-177868.2314652808,-372815.45966382924,-194947.22819854843,0.30487564825627783
467,w155463669,557.4523567564785,mfh,63822.83861379559,70914.26512643954,79778.54826724448,r2,-182594.99346435824,-399440.57999666315,-216845.5865323049,0.30487564825627783
468,w155463671,449.48969881236553,mfh,44460.06219337882,49400.06910375424,55575.07774172352,r1,-138180.79628697428,-297884.8748450593,-159704.07855808502,0.3311979290829584
469,w155576276,58.73152135126293,other,7036.542804460303,7818.380893844781,8795.678505575379,nr1,-20436.910831663175,-64744.40093771098,-44307.49010604781,0.3311847143494592
470,w159548666,1258.4072781499474,other,45034.07044829587,50037.85605366207,56292.58806036983,nr1,-130796.8000358453,-361917.13436900504,-231120.33433315973,0.3311847143494592
471,w159548667,15669.025621107221,trade,613413.7969842755,681570.8855380839,766767.2462303443,nr2,-1640068.2037002868,-3938970.981472146,-2298902.7777718594,0.30487564825627783
472,w159548669,2256.2803165019486,trade,261494.21083095495,290549.1231455055,326867.76353869366,nr2,-699150.1377112687,-1166785.6714658896,-467635.5337546208,0.30487564825627783
473,w159548670,188.14899220019578,mfh,23028.989782019133,25587.766424465703,28786.237227523914,r1,-71573.54238334601,-155104.3448752172,-83530.8024918712,0.3311979290829584
474,w159548671,318.3455893772654,other,12677.331192583715,14085.923547315238,15846.663990729643,nr1,-36819.99731488412,-94814.87338154882,-57994.8760666647,0.3311847143494592
475,w159548672,170.00981159284711,ab,21983.144401197525,24425.716001330584,27478.930501496907,r1,-68323.08027453443,-156680.74196642425,-88357.66169188982,0.3311979290829584
476,w159548674,118.95309109317604,trade,10044.893361266411,11160.992623629345,12556.116701583014,nr1,-29174.353889759703,-83687.21287696906,-54512.85898720936,0.3311847143494592
477,w159548675,865.047436706489,mfh,94066.05527670533,104517.83919633925,117582.56909588166,r2,-269119.8185715811,-579815.7536238844,-310695.9350523033,0.30487564825627783
478,w159548677,106.67055884185247,other,5052.772241354683,5614.191379282981,6315.965301693353,nr1,-14675.254399619722,-49497.62863589359,-34822.37423627387,0.3311847143494592
479,w159872586,633.9711885744706,mfh,61528.304105702184,68364.7823396691,76910.38013212773,r2,-176030.40745394383,-376098.5745600705,-200068.1671061267,0.30487564825627783
480,w159872589,1091.462102752924,mfh,104981.15974855874,116645.73305395416,131226.4496856984,r2,-300347.56514301075,-625097.6732823974,-324750.1081393867,0.30487564825627783
481,w159872591,2692.1037788091226,mfh,238842.17683578568,265380.1964842063,298552.7210447321,r2,-683319.4302472874,-1369800.444428511,-686481.0141812236,0.30487564825627783
482,w159872593,436.90541737405584,mfh,41771.57313857874,46412.85904286526,52214.46642322342,r1,-129825.03743118896,-267234.3009725615,-137409.26354137255,0.3311979290829584
483,w159872596,218.88012801047884,mfh,23926.839112240952,26585.376791378836,29908.54889030119,r1,-74364.03635198138,-164828.40658402356,-90464.37023204217,0.3311979290829584
484,w159872599,487.8712977081537,mfh,46825.5540892305,52028.39343247833,58531.94261153812,r1,-145532.68779710017,-300128.94912648055,-154596.2613293804,0.3311979290829584
485,w159872601,629.8896718598901,mfh,59138.13100415723,65709.03444906359,73922.66375519653,r2,-169192.2026461597,-355968.27263052855,-186776.06998436883,0.30487564825627783
486,w159872603,453.131132603623,mfh,41977.27905722256,46641.42117469173,52471.59882152819,r1,-130464.36644326986,-266528.0200039483,-136063.65356067845,0.3311979290829584
487,w159872608,317.054659525305,mfh,36148.8017943321,40165.33532703567,45186.00224291513,r1,-112349.60030048498,-242264.42764170165,-129914.82734121667,0.3311979290829584
488,w159872611,474.9952949794941,mfh,49392.47210315651,54880.52455906279,61740.59012894564,r1,-153510.6068028117,-323118.7134835768,-169608.10668076508,0.3311979290829584
489,w159872613,461.6615135567263,mfh,49483.41463924298,54981.57182138109,61854.26829905373,r1,-153793.254001957,-331005.4513934732,-177212.1973915162,0.3311979290829584
490,w159872615,129.00588214695452,mfh,16719.873106670097,18577.636785188995,20899.841383337618,r1,-51964.96058975172,-118376.55675526125,-66411.59616550953,0.3311979290829584
491,w159872617,185.93316667452453,mfh,23274.884584316744,25860.98287146305,29093.605730395928,r1,-72337.77747227873,-154821.70800340624,-82483.93053112751,0.3311979290829584
492,w159872620,129.2747205838561,mfh,17497.094806705965,19441.216451895518,21871.368508382457,r1,-54380.54680587864,-117366.75050575801,-62986.20369987937,0.3311979290829584
493,w159872622,447.3657494872576,mfh,46366.44062561429,51518.26736179365,57958.05078201786,r1,-144105.77427384356,-311136.18948175566,-167030.4152079121,0.3311979290829584
494,w159872625,238.36158968657256,mfh,25116.058872769172,27906.732080854636,31395.073590961463,r1,-78060.10255978946,-170389.48528999806,-92329.3827302086,0.3311979290829584
495,w159872628,167.04002443812786,mfh,19006.772350224233,21118.635944693593,23758.46543778029,r1,-59072.588040382,-137457.54804420396,-78384.96000382197,0.3311979290829584
496,w159872630,195.52493976540862,mfh,18074.7621351929,20083.069039103222,22593.452668991125,r1,-56175.92286927924,-117361.1037757733,-61185.18090649406,0.3311979290829584
497,w159872632,133.65780365467072,th,16477.88462317202,18308.760692413354,20597.355778965022,r1,-51212.86624502043,-85463.19403469923,-34250.327789678806,0.3311979290829584
498,w159872635,49.369007284846155,th,6739.6868476192685,7488.540941799187,8424.608559524086,r1,-20946.78345878631,-60008.78470661278,-39062.00124782647,0.3311979290829584
499,w159872640,133.91130499513818,mfh,16908.877072954834,18787.64119217204,21136.09634119354,r1,-52552.38033849221,-114606.91094510513,-62054.53060661293,0.3311979290829584
500,w159872643,87.82295271442271,other,9591.78852868142,10657.542809646022,11989.735660851775,nr1,-27858.3577652047,-76535.77651692143,-48677.41875171673,0.3311847143494592
501,w159872648,133.79360626488923,mfh,16965.31316645674,18850.347962729713,21206.641458070924,r1,-52727.78234997614,-119580.26301600493,-66852.48066602879,0.3311979290829584
502,w159872651,467.48304517045614,other,34799.30109969496,38665.890110772176,43499.126374618696,nr1,-101070.97097851192,-272272.81754683604,-171201.84656832414,0.3311847143494592
503,w159872654,134.11286987382917,mfh,15572.749109392586,17303.054565991763,19465.93638674073,r1,-48399.72699439004,-103275.74126578601,-54876.01427139597,0.3311979290829584
504,w159872660,131.42538360562176,mfh,16010.967487406166,17789.96387489574,20013.709359257708,r1,-49761.69909776062,-106942.68826451413,-57180.98916675351,0.3311979290829584
505,w159872663,509.8066861014813,other,40789.69983623175,45321.88870692417,50987.12479528969,nr1,-118469.46456077333,-197709.28488729155,-79239.82032651822,0.3311847143494592
506,w159872669,96.41428965386004,other,6140.942525975589,6823.26947330621,7676.178157469486,nr1,-17835.732448920622,-58880.22066036096,-41044.48821144034,0.3311847143494592
507,w159872671,385.8471666022902,mfh,41085.27500261371,45650.30555845967,51356.59375326713,r1,-127692.03944964235,-264275.5920365588,-136583.55258691643,0.3311979290829584
508,w159872676,450.3884779855609,trade,21572.307796555673,23969.230885061857,26965.38474569459,nr1,-62654.53691149899,-169144.48575948938,-106489.9488479904,0.3311847143494592
509,w159872680,74.82275880910456,trade,6347.627257792996,7052.919175325551,7934.534072241245,nr1,-18436.026876425716,-56593.98083944248,-38157.95396301677,0.3311847143494592
510,w159872682,128.20031198486686,mfh,17098.113549140475,18997.903943489415,21372.641936425593,r1,-53140.52272237234,-123495.21686511135,-70354.694142739,0.3311979290829584
511,w159872688,74.73616111706941,trade,5317.786693607912,5908.651881786568,6647.23336700989,nr1,-15444.961467466755,-47215.33656520893,-31770.375097742173,0.3311847143494592
512,w159872690,271.2794532585889,mfh,37662.36732773164,41847.07480859071,47077.95915966455,r1,-117053.72531335584,-250263.4714910647,-133209.74617770885,0.3311979290829584
513,w159872699,406.91918786983007,mfh,43877.34349126553,48752.60387918392,54846.67936408191,r1,-136369.7206767085,-276336.2211439204,-139966.50046721188,0.3311979290829584
514,w159872700,406.7131608505966,mfh,40678.93594210743,45198.8177134527,50848.66992763429,r1,-126429.14749283309,-259179.66141039474,-132750.51391756165,0.3311979290829584
515,w159872708,435.5580747295171,mfh,46872.894326570284,52080.9936961892,58591.11790821285,r1,-145679.82010797213,-311926.77998124796,-166246.95987327583,0.3311979290829584
516,w159872710,142.59727319749075,mfh,15785.244708098155,17539.160786775727,19731.555885122692,r1,-49060.15816762815,-109464.7858971217,-60404.62772949356,0.3311979290829584
517,w159872717,364.7500545413,mfh,42624.77941045999,47360.86601162221,53280.97426307498,r1,-132476.78185594486,-273959.4530966286,-141482.67124068373,0.3311979290829584
518,w159872718,186.0198295045644,mfh,25865.705318047403,28739.672575608223,32332.131647559254,r1,-80389.98555211855,-178956.77074595823,-98566.78519383968,0.3311979290829584
519,w159872719,169.79583046399057,mfh,20853.61252597942,23170.680584421578,26067.015657474276,r1,-64812.52256837806,-151679.27921374384,-86866.75664536578,0.3311979290829584
520,w159872726,172.48843573874328,mfh,18695.70090016346,20773.001000181623,23369.626125204326,r1,-58105.78550905441,-128970.77699287803,-70864.99148382363,0.3311979290829584
521,w159872727,172.59632431017235,mfh,21043.444879268325,23381.60542140925,26304.306099085406,r1,-65402.51692386049,-109142.65113534969,-43740.1342114892,0.3311979290829584
522,w159872732,140.4957689295523,mfh,18976.199229647278,21084.665810719198,23720.249037059097,r1,-58977.56752223864,-134690.36249227522,-75712.79497003657,0.3311979290829584
523,w159872736,118.37831126665697,mfh,14679.616639748732,16310.68515527637,18349.520799685914,r1,-45623.89291416874,-102357.61331685282,-56733.72040268408,0.3311979290829584
524,w159872737,187.97203346798193,mfh,24944.26660849226,27715.85178721362,31180.333260615324,r1,-77526.17636394934,-172508.03198472114,-94981.85562077179,0.3311979290829584
525,w159872743,753.6066189933568,other,31827.00488865078,35363.33876516753,39783.75611081347,nr1,-92438.24403881424,-253324.68399755104,-160886.4399587368,0.3311847143494592
526,w159872746,394.377677144669,mfh,44537.18740147157,49485.76377941285,55671.484251839465,r1,-138420.499565429,-230993.86697362422,-92573.36740819522,0.3311979290829584
527,w159872748,575.8923149108887,trade,55207.313642999135,61341.45960333237,69009.14205374892,nr2,-147606.33060868856,-246334.71736938905,-98728.3867607005,0.30487564825627783
528,w159872750,127.08080641776323,mfh,17865.116812482014,19850.129791646683,22331.396015602517,r1,-55524.3502847869,-162664.1349798624,-107139.7846950755,0.3311979290829584
529,w159872753,434.5401292324066,other,25725.96143987,28584.401599855555,32157.451799837498,nr1,-74718.39433310372,-202244.91490883703,-127526.52057573332,0.3311847143494592
530,w159872756,252.43327465518377,mfh,33635.93448393886,37373.260537709844,42044.91810492357,r1,-104539.66957201749,-226580.17618103782,-122040.50660902033,0.3311979290829584
531,w159872759,386.07803563163617,mfh,40885.04737063046,45427.83041181162,51106.30921328808,r1,-127069.73681979536,-269700.2449803024,-142630.50816050704,0.3311979290829584
532,w159872763,1345.7076428122818,trade,70170.62199602295,77967.35777335883,87713.27749502868,nr2,-187613.33138468568,-457605.852774087,-269992.5213894013,0.30487564825627783
533,w159872767,486.0339612279087,mfh,45082.85482234876,50092.060913720845,56353.568527935946,r1,-140116.42069115114,-283642.8835739513,-143526.46288280017,0.3311979290829584
534,w159872769,563.4171857964247,other,35443.64525157622,39381.82805730691,44304.55656447027,nr1,-102942.40192732302,-271126.33359150955,-168183.93166418653,0.3311847143494592
535,w159872774,2747.8572637828997,other,119011.47723873041,132234.97470970044,148764.346548413,nr2,-318197.8309816948,-815611.5372408236,-497413.7062591288,0.30487564825627783
536,w159872776,80.53474041707815,sfh,12444.034937831644,13826.705486479605,15555.043672289554,r1,-38675.75913981929,-93110.11085113423,-54434.35171131494,0.3311979290829584
537,w159872779,530.1892838459462,trade,41088.84380523203,45654.270894702255,51361.054756540034,nr1,-119338.29728021806,-300421.9383416582,-181083.64106144017,0.3311847143494592
538,w159872782,386.9254036822822,mfh,34779.397511211064,38643.77501245674,43474.246889013826,r1,-108093.52496128679,-219578.07707355442,-111484.55211226763,0.3311979290829584
539,w159872787,649.6997715241275,sfh,73844.5187104147,82049.46523379411,92305.64838801838,r2,-211266.68296436916,-436629.99754565326,-225363.3145812841,0.30487564825627783
540,w159872789,103.62989482581615,mfh,13622.502345110554,15136.113716789503,17028.12793138819,r1,-42338.407294195844,-96953.34866644828,-54614.94137225243,0.3311979290829584
541,w159872791,7102.280937734339,other,341045.9633446604,378939.9592718449,426307.4541808255,nr2,-911845.5490107754,-2126379.3783774218,-1214533.8293666462,0.30487564825627783
542,w159872796,295.65545302389654,other,14692.2812732514,16324.756970279332,18365.35159156425,nr1,-42672.21143099173,-119446.02854267202,-76773.81711168028,0.3311847143494592
543,w159872797,3172.659030787088,other,124134.27925297005,137926.9769477445,155167.84906621257,nr2,-331894.5308908127,-872840.1945241841,-540945.6636333715,0.30487564825627783
544,w159872802,393.79842739673325,mfh,39710.81716874246,44123.130187491624,49638.521460928074,r1,-123420.25779713079,-252473.15832100628,-129052.90052387549,0.3311979290829584
545,w159872803,469.9664310747758,mfh,46940.21759095484,52155.79732328315,58675.271988693545,r1,-145889.0591828262,-243457.2771777621,-97568.2179949359,0.3311979290829584
546,w159872804,664.4021281981841,mfh,71285.2107419375,79205.78971326388,89106.51342742186,r2,-203944.5889941338,-340339.39631776395,-136394.80732363014,0.30487564825627783
547,w159872808,295.65545226749964,other,15824.74835213696,17583.053724596622,19780.935440171197,nr1,-45961.344937904774,-124571.84217088837,-78610.49723298359,0.3311847143494592
548,w159872809,678.8678823016584,other,34505.649287262946,38339.61031918105,43132.06160907868,nr1,-100218.08965980166,-267183.9263273252,-166965.83666752357,0.3311847143494592
549,w159872812,337.05531151816245,mfh,38041.70913462511,42268.56570513901,47552.136418281385,r1,-118232.71045992372,-250688.15842600385,-132455.44796608013,0.3311979290829584
550,w159872814,765.4437305399682,mfh,79399.36095195425,88221.51216883806,99249.2011899428,r2,-227158.89968207272,-471053.9614581929,-243895.0617761202,0.30487564825627783
551,w159872815,1229.117813373683,mfh,149792.9605537908,166436.62283754532,187241.2006922385,r2,-428552.6192094841,-918434.7446816053,-489882.1254721212,0.30487564825627783
552,w159872820,336.8380303993821,mfh,38637.43829336847,42930.48699263163,48296.797866710585,r1,-120084.22225422767,-261981.2908754515,-141897.06862122382,0.3311979290829584
553,w159872826,1791.1392054180615,th,178358.86709907744,198176.51899897493,222948.5838738468,r2,-510278.71651617176,-1060179.206606727,-549900.4900905553,0.30487564825627783
554,w159872827,157.03123329076917,th,22144.882072210334,24605.424524678147,27681.102590262915,r1,-68825.75703807431,-155807.81156536928,-86982.05452729497,0.3311979290829584
555,w159872832,35.670331929810345,sfh,3676.201183569743,4084.667981744159,4595.251479462178,r0,-14019.9909491351,-38448.006056542086,-24428.015107406987,0.4064044457306171
556,w159872833,162.84196072258055,mfh,21239.15922568886,23599.065806320956,26548.949032111075,r1,-66010.79237150938,-146247.01288758434,-80236.22051607496,0.3311979290829584
557,w159872834,33.79703346360475,sfh,4555.214293213258,5061.349214681398,5694.017866516572,r0,-17372.298188589906,-46608.06753006506,-29235.769341475156,0.4064044457306171
558,w159872835,42.916394099872555,th,6704.477568681241,7449.419520756934,8380.59696085155,r1,-20837.353872764015,-49529.48098290257,-28692.127110138554,0.3311979290829584
559,w159872839,58.88304680213332,other,5318.843004436388,5909.8255604848755,6648.553755545484,nr1,-15448.029413020702,-49339.61515938271,-33891.585746362005,0.3311847143494592
560,w159872840,318.65718863122163,other,26659.24765591642,29621.386284351578,33324.05956989552,nr1,-77429.02762388265,-200101.28048770252,-122672.25286381987,0.3311847143494592
561,w159872842,48.8293092939537,other,2375.76436505535,2639.7381833948334,2969.7054563191873,nr0,-8460.759250118528,-23464.925931649213,-15004.166681530685,0.4060881731088696
562,w159872843,143.51003436879253,mfh,19080.71500207315,21200.794446747943,23850.893752591437,r1,-59302.400011125836,-139295.34066101647,-79992.94064989063,0.3311979290829584
563,w159872845,162.83680398128925,mfh,21498.13375395689,23886.81528217432,26872.667192446108,r1,-66815.67893191209,-153095.86364734362,-86280.18471543153,0.3311979290829584
564,w159872848,156.42925329236314,mfh,21291.72814453538,23657.47571615042,26614.660180669223,r1,-66174.17529784363,-110430.38201588075,-44256.20671803712,0.3311979290829584
565,w159872851,167.48750086340587,mfh,20694.65294755158,22994.058830612867,25868.316184439474,r1,-64318.48004929514,-146013.45058574819,-81694.97053645304,0.3311979290829584
566,w159872853,143.46053532976657,th,18641.830787650975,20713.145319612195,23302.288484563716,r1,-57938.35850432672,-96686.58557826177,-38748.22707393505,0.3311979290829584
567,w159872855,768.5454076524824,other,30902.518900127714,34336.13211125301,38628.14862515964,nr1,-89753.17009872658,-237912.60976240525,-148159.43966367867,0.3311847143494592
568,w159872857,315.41669200100006,mfh,33248.68266430212,36942.98073811347,41560.85333037765,r1,-103336.10029745733,-222599.1262107754,-119263.02591331807,0.3311979290829584
569,w159872858,136.24142913175746,other,12600.205042488164,14000.227824986849,15750.256303110204,nr1,-36595.992388588056,-107991.9749878977,-71395.98259930965,0.3311847143494592
570,w159872860,131.01957194106652,other,10778.366395040914,11975.96266115657,13472.957993801141,nr1,-31304.6504580087,-84789.52327830956,-53484.87282030086,0.3311847143494592
571,w159872862,156.42902136784977,mfh,20547.76308719318,22830.847874659088,25684.703858991474,r1,-63861.94992159258,-135051.07205111592,-71189.12212952334,0.3311979290829584
572,w159872865,158.90607472276315,mfh,21250.92912058293,23612.143467314363,26563.66140072866,r1,-66047.37291972368,-110218.77628005885,-44171.40336033517,0.3311979290829584
573,w159872867,192.56274920739233,mfh,23626.608294376343,26251.78699375149,29533.260367970426,r1,-73430.92624291364,-158857.25368144893,-85426.32743853529,0.3311979290829584
574,w159872868,54.98272090442479,other,4338.732794656411,4820.814216284901,5423.415993320514,nr0,-15451.437089522386,-42221.607929598635,-26770.17084007625,0.4060881731088696
575,w159872870,315.09365436807275,mfh,33572.70898486998,37303.00998318887,41965.886231087476,r1,-104343.16625249942,-223841.99878576235,-119498.83253326293,0.3311979290829584
576,w159872874,56.548262861557305,th,6258.9085433516675,6954.342825946297,7823.635679189584,r1,-19452.536135598988,-57646.2121688204,-38193.67603322141,0.3311979290829584
577,w159872876,86.08918008172186,other,7937.8236826816055,8819.804091868451,9922.279603352006,nr1,-23054.587928833138,-66879.37763836123,-43824.78970952809,0.3311847143494592
578,w159872878,413.8979488207959,mfh,49390.03592714167,54877.81769682407,61737.544908927084,r1,-153503.035226772,-330043.22943725844,-176540.19421048646,0.3311979290829584
579,w159872879,205.3686287334189,mfh,25436.2263636754,28262.47373741711,31795.282954594248,r1,-79055.17536572032,-176196.6042693071,-97141.42890358678,0.3311979290829584
580,w159872883,329.8948070596903,th,38258.33027645758,42509.25586273064,47822.91284557197,r1,-118905.96372126223,-272390.30267718143,-153484.3389559192,0.3311979290829584
581,w159872884,900.053558271192,other,37831.76819712391,42035.297996804344,47289.71024640488,nr1,-109878.45803463043,-310285.2412135518,-200406.78317892135,0.3311847143494592
582,w159872887,1008.3728146322071,other,88407.21114906944,98230.23461007715,110509.01393633679,nr2,-236372.01624130263,-571915.782202441,-335543.7659611384,0.30487564825627783
583,w159872892,458.9937253634445,other,39649.09661200691,44054.55179111879,49561.370765008636,nr1,-115156.70046119097,-298448.4909101761,-183291.79044898512,0.3311847143494592
584,w159872895,353.7920229201671,th,49227.57275316536,54697.30305907262,61534.4659414567,r1,-152998.10361759627,-322504.1769396965,-169506.07332210022,0.3311979290829584
585,w159872899,2008.66189844124,other,87830.35072413228,97589.2785823692,109787.93840516535,nr2,-234829.6798191945,-596526.6695449544,-361696.98972575995,0.30487564825627783
587,w160025355,131.5437356668757,ab,15822.357973565722,17580.397748406358,19777.94746695715,r1,-49175.505297661686,-124737.06329606441,-75561.55799840273,0.3311979290829584
588,w160025360,102.43726858533918,mfh,14598.10513130861,16220.116812565122,18247.63141413576,r1,-45370.55712048904,-104071.3161757739,-58700.75905528486,0.3311979290829584
589,w160025362,106.2412323884666,mfh,12893.32495058692,14325.916611763245,16116.65618823365,r1,-40072.14161576541,-101724.90805437519,-61652.76643860978,0.3311979290829584
590,w160025367,104.2175793532282,mfh,14296.527182761089,15885.030203067876,17870.65897845136,r1,-44433.26016189201,-100846.97645833793,-56413.71629644592,0.3311979290829584
591,w160025369,103.97346241511406,mfh,13712.751918131698,15236.391020146331,17140.939897664623,r1,-42618.90078092062,-97603.2411217841,-54984.34034086348,0.3311979290829584
592,w160025373,103.9182820610702,mfh,12692.477684318626,14102.75298257625,15865.597105398283,r1,-39447.913177570656,-89219.83516201176,-49771.921984441105,0.3311979290829584
593,w160025375,104.46434533819556,mfh,15200.83881015165,16889.8209001685,19001.048512689562,r1,-47243.838793583775,-78839.7459037491,-31595.90711016533,0.3311979290829584
594,w160025376,101.26918978765606,other,6767.594541506047,7519.5494905622745,8459.493176882557,nr1,-19655.778417483485,-55625.96907812865,-35970.19066064517,0.3311847143494592
595,w160025380,128.15635424628857,th,16535.50385671767,18372.782063019633,20669.379820897087,r1,-51391.94542709967,-121650.92647501532,-70258.98104791564,0.3311979290829584
596,w160025381,64.08582323277369,th,8805.145795153388,9783.495327948209,11006.432243941736,r1,-27366.17983360344,-75921.44112058594,-48555.261286982495,0.3311979290829584
597,w160025384,125.48521707579494,mfh,13228.087159594033,14697.874621771149,16535.10894949254,r1,-41112.574452008244,-95241.95673945708,-54129.38228744883,0.3311979290829584
598,w160025385,125.6767025694251,mfh,12483.801305090501,13870.890338989446,15604.751631363126,r1,-38799.352045950836,-87845.60863764693,-49046.256591696096,0.3311979290829584
599,w160025388,125.67682776004075,mfh,12887.497210468891,14319.441344965435,16109.371513086113,r1,-40054.02914065101,-88324.11991540888,-48270.090774757875,0.3311979290829584
600,w160025389,125.54291224256157,mfh,15947.091501286146,17718.990556984605,19933.864376607682,r1,-49563.174080245124,-113928.86589685298,-64365.691816607854,0.3311979290829584
601,w160025392,101.23846836648882,other,7707.166695034264,8563.51855003807,9633.95836879283,nr1,-22384.668563564624,-64206.41791662987,-41821.74935306524,0.3311847143494592
602,w160025393,241.441205301648,mfh,29760.98461218925,33067.76068021028,37201.23076523656,r1,-92496.41923823343,-206728.06872758997,-114231.64948935654,0.3311979290829584
603,w160025394,520.9474028991534,mfh,62962.95736238052,69958.84151375612,78703.69670297565,r2,-180134.90214137026,-300606.18010471883,-120471.27796334858,0.30487564825627783
604,w160025395,347.3527018059045,mfh,41270.74084393225,45856.37871548028,51588.42605491531,r1,-128268.46279169623,-306789.0323355437,-178520.56954384746,0.3311979290829584
605,w160025396,362.18757194392384,mfh,37666.70161233902,41851.89068037669,47083.37701542377,r1,-117067.19616492093,-252677.91927741107,-135610.72311249014,0.3311979290829584
606,w160025398,216.67090053744613,mfh,25759.482837806354,28621.647597562616,32199.353547257942,r1,-80059.84865668543,-180897.3838058216,-100837.53514913617,0.3311979290829584
607,w160025399,277.5212213275954,mfh,34672.16062353594,38524.62291503994,43340.20077941992,r1,-107760.23531212179,-179828.51917803337,-72068.28386591158,0.3311979290829584
608,w160025402,733.1297983160242,mfh,73752.53405858297,81947.26006509218,92190.66757322871,r2,-211003.51797100884,-451874.8851404888,-240871.36716947996,0.30487564825627783
609,w160025403,118.93753181435167,th,13366.26539456982,14851.405993966466,16707.831743212275,r1,-41542.029059053886,-95079.36858688496,-53537.33952783107,0.3311979290829584
610,w160025405,118.80893169231713,mfh,11413.826109522666,12682.02901058074,14267.282636903332,r1,-35473.89505743377,-76087.71628716897,-40613.82122973519,0.3311979290829584
611,w160025406,118.8714888818562,mfh,12694.703117102687,14105.225685669651,15868.378896378357,r1,-39454.82976875415,-82320.07848209291,-42865.24871333876,0.3311979290829584
612,w160025409,118.87152101863175,mfh,13545.552141340295,15050.613490378106,16931.94017667537,r1,-42099.24792493606,-95600.09175600205,-53500.843831065984,0.3311979290829584
613,w160025412,678.325670054555,mfh,83112.16289052342,92346.84765613714,103890.20361315427,r2,-237781.101082575,-396805.2145798511,-159024.11349727606,0.30487564825627783
614,w160025415,1309.668819526094,mfh,134843.0872649352,149825.65251659465,168553.85908116898,r2,-385781.5348334043,-807603.1213322716,-421821.5864988673,0.30487564825627783
615,w160025422,678.3786613484378,mfh,78555.95700031816,87284.39666702018,98194.9462503977,r2,-224745.94935924705,-469371.61670485564,-244625.66734560858,0.30487564825627783
616,w160025427,555.729584345687,mfh,68356.5049155554,75951.67212839489,85445.63114444424,r2,-195565.66018366138,-326356.7768856409,-130791.11670197954,0.30487564825627783
617,w160025428,926.2977557130158,mfh,100962.61735123128,112180.68594581253,126203.2716890391,r2,-288850.6505789874,-610435.5366675777,-321584.8860885903,0.30487564825627783
618,w160025434,188.0208901744336,mfh,25126.424219116037,27918.249132351153,31408.030273895045,r1,-78092.31780514319,-171935.36121372276,-93843.04340857957,0.3311979290829584
619,w160025437,385.6369404070079,mfh,43222.04791881172,48024.497687568575,54027.55989851464,r1,-134333.07791154206,-286087.4985486642,-151754.42063712215,0.3311979290829584
620,w160025438,514.208815998584,mfh,66439.19135967275,73821.32373296973,83048.98919959094,r2,-190080.29062302507,-317202.88182985946,-127122.59120683439,0.30487564825627783
621,w160025439,231.99735509790483,mfh,23422.747428464972,26025.274920516636,29278.434285581214,r1,-72797.33161003029,-165681.31654244606,-92883.98493241577,0.3311979290829584
622,w160025441,239.19352681115268,mfh,29974.211052689745,33304.67894743305,37467.76381586218,r1,-93159.1218500661,-155462.41971076018,-62303.297860694074,0.3311979290829584
623,w160025442,258.45977183450015,mfh,26407.168715404667,29341.29857267185,33008.96089425583,r1,-82072.84067457987,-176654.3829680572,-94581.54229347734,0.3311979290829584
624,w160025445,358.2598954875022,mfh,37036.861616907394,41152.06846323044,46296.07702113424,r1,-115109.66871649807,-249715.86026044987,-134606.1915439518,0.3311979290829584
625,w160025446,282.03160609211767,mfh,32653.249972380814,36281.3888582009,40816.56246547602,r1,-101485.50991485467,-169357.36000534717,-67871.8500904925,0.3311979290829584
626,w160025449,151.84076374266294,mfh,15398.815708212785,17109.79523134754,19248.51963526598,r1,-47859.146196923095,-110962.15548944684,-63103.00929252375,0.3311979290829584
627,w160025451,187.46145662125198,mfh,22242.272514884975,24713.63612764997,27802.840643606218,r1,-69128.44417470023,-153842.11401489406,-84713.66984019383,0.3311979290829584
628,w160025452,105.00601281486452,mfh,13097.326417448377,14552.584908275974,16371.658021810472,r1,-40706.173232995694,-93841.01100288283,-53134.83776988714,0.3311979290829584
629,w160025453,104.94913844838739,mfh,14710.976976171565,16345.52997352396,18388.721220214455,r1,-45721.360080091414,-104788.81779088725,-59067.45771079583,0.3311979290829584
630,w160025454,86.96602670811116,mfh,9958.714429546208,11065.238255051341,12448.393036932759,r1,-30951.443205003223,-83079.2009149598,-52127.75770995658,0.3311979290829584
631,w160025455,103.15431486908346,mfh,14454.34817374303,16060.386859714477,18067.935217178787,r1,-44923.76397877447,-103114.27251052127,-58190.508531746804,0.3311979290829584
632,w160025456,162.83409464433788,mfh,15439.821255317227,17155.356950352474,19299.776569146532,r1,-47986.59044399657,-101435.72162745721,-53449.131183460646,0.3311979290829584
633,w160025457,103.20248084068298,mfh,13888.002639595677,15431.114043995196,17360.003299494594,r1,-43163.57577791973,-98024.90401689553,-54861.328238975795,0.3311979290829584
634,w160025458,101.69107806179672,mfh,14620.583473797502,16245.09274866389,18275.729342246876,r1,-45440.419264424345,-138480.08010115102,-93039.66083672667,0.3311979290829584
635,w160025459,108.44199563004076,mfh,13875.057936342178,15416.731040380198,17343.82242042772,r1,-43123.34395378312,-100430.53903042365,-57307.19507664053,0.3311979290829584
636,w160025462,124.9876569705084,mfh,15710.045915399749,17455.606572666387,19637.557394249685,r1,-48826.44214155314,-113102.69323334983,-64276.25109179669,0.3311979290829584
637,w160025465,103.21026510931551,mfh,13114.320013160435,14571.466681289372,16392.90001645054,r1,-40758.98891681228,-89730.6581554835,-48971.66923867122,0.3311979290829584
638,w160025467,105.14285953305661,mfh,14341.115732538854,15934.573036154281,17926.394665673568,r1,-44571.84029447874,-100834.52033108281,-56262.68003660407,0.3311979290829584
639,w160025469,108.37528205253183,mfh,12119.687617749969,13466.319575277743,15149.60952218746,r1,-37667.69552606423,-88290.11612727815,-50622.42060121392,0.3311979290829584
640,w160025471,48.55004379618913,sfh,6829.869385996844,7588.743762218715,8537.336732496055,r1,-21227.068603462732,-53012.97177403116,-31785.90317056843,0.3311979290829584
641,w160025472,101.69099241122603,mfh,13375.50809475645,14861.6756608405,16719.38511844556,r1,-41570.75514733679,-69372.59665038297,-27801.841503046177,0.3311979290829584
642,w160025474,105.6897082787007,mfh,13340.076698786537,14822.307443096151,16675.09587348317,r1,-41460.63522696,-99054.04429375532,-57593.40906679531,0.3311979290829584
643,w160025476,96.35599186792969,mfh,11760.455718228655,13067.17302025406,14700.569647785818,r1,-36551.211484462285,-60996.064238128085,-24444.8527536658,0.3311979290829584
644,w160025477,108.4367577029392,mfh,13789.217767408181,15321.35307489798,17236.522209260227,r1,-42856.55478814686,-95118.39305232493,-52261.83826417807,0.3311979290829584
645,w160025481,105.0061043202877,mfh,13105.966754568803,14562.185282854225,16382.458443211002,r1,-40733.027191460606,-88657.91363638635,-47924.886444925745,0.3311979290829584
646,w160025482,103.2132654029876,mfh,14060.161845670413,15622.402050744902,17575.202307088013,r1,-43698.64241997861,-100970.88160871748,-57272.239188738866,0.3311979290829584
647,w160025484,128.51466068420558,mfh,13247.347808026228,14719.275342251365,16559.184760032786,r1,-41172.43608076143,-86964.55279849881,-45792.116717737386,0.3311979290829584
648,w160025486,101.26240085978061,mfh,13302.68360909849,14780.75956566499,16628.354511373112,r1,-41344.418410027756,-92581.12639580476,-51236.70798577701,0.3311979290829584
649,w160025487,105.13472320698202,mfh,14158.708934601254,15731.898816223616,17698.386168251567,r1,-44004.92438514994,-101092.63607719805,-57087.71169204811,0.3311979290829584
650,w160025490,87.12732640933245,mfh,12040.780464448602,13378.644960498446,15050.975580560753,r1,-37422.45400506733,-120499.02151661528,-83076.56751154794,0.3311979290829584
651,w160025492,101.576605540514,mfh,13964.916070301266,15516.57341144585,17456.145087876583,r1,-43402.62085738532,-98825.42888271091,-55422.80802532559,0.3311979290829584
652,w160025494,105.68961535468698,mfh,14285.138779463909,15872.376421626564,17856.423474329884,r1,-44397.865280319485,-101368.89137084891,-56971.02609052943,0.3311979290829584
653,w160025496,100.3227494932711,mfh,13748.271791453237,15275.857546059151,17185.339739316543,r1,-42729.295686762955,-98547.8695479996,-55818.57386123664,0.3311979290829584
654,w160025498,53.38166442215442,th,6600.947610690868,7334.386234100964,8251.184513363583,r1,-20515.585271261763,-58155.45175693372,-37639.866485671955,0.3311979290829584
655,w160025500,108.55102695096282,mfh,13356.061664075802,14840.06851563978,16695.07708009475,r1,-41510.31611185583,-91342.21307878723,-49831.8969669314,0.3311979290829584
656,w160025504,103.15687311664223,mfh,13210.204122827778,14678.004580919753,16512.75515353472,r1,-41056.99440694122,-90012.96242281818,-48955.968015876955,0.3311979290829584
657,w160025505,103.09466042611747,mfh,11999.591279695112,13332.879199661236,14999.48909961889,r1,-37294.43901662909,-86770.76666829476,-49476.32765166567,0.3311979290829584
658,w160025507,85.83866344131528,mfh,11973.740029139291,13304.155587932546,14967.175036424114,r1,-37214.093956127814,-88915.9387139206,-51701.84475779278,0.3311979290829584
659,w160025509,108.27769679883495,mfh,14945.057217444468,16605.61913049385,18681.321521805585,r1,-46448.875799557805,-108536.67543035847,-62087.79963080067,0.3311979290829584
660,w160025513,105.03020258601755,mfh,11679.227174263047,12976.919082514496,14599.03396782881,r1,-36298.75513751478,-81050.68861869676,-44751.93348118198,0.3311979290829584
661,w160025515,104.96566433478147,mfh,13255.429579015141,14728.255087794601,16569.286973768925,r1,-41197.55402922042,-89372.86690546658,-48175.312876246164,0.3311979290829584
662,w160025517,132.51887063886969,mfh,14316.368058185923,15907.07562020658,17895.460072732403,r1,-44494.925122082794,-96230.31724177278,-51735.39211968998,0.3311979290829584
663,w160032048,197.876624872908,mfh,22760.163304132715,25289.070337925237,28450.204130165894,r1,-70738.03620218505,-156747.3117424182,-86009.27554023317,0.3311979290829584
664,w160032049,177.6117346536368,mfh,20420.46582699145,22689.406474434945,25525.582283739313,r1,-63466.31312056167,-166965.52500874837,-103499.2118881867,0.3311979290829584
665,w160032050,605.1206229591743,mfh,68794.57954872533,76438.42172080593,85993.22443590667,r2,-196818.9769667741,-419184.77353473566,-222365.79656796157,0.30487564825627783
666,w160032051,604.9254235289991,mfh,66484.26842234895,73871.4093581655,83105.33552793619,r2,-190209.25458237765,-398979.4633999035,-208770.20881752585,0.30487564825627783
667,w160032052,558.9287057133391,mfh,63671.536875409336,70746.15208378815,79589.42109426166,r2,-182162.1242825445,-397212.77246241865,-215050.64817987414,0.30487564825627783
668,w160032053,914.9869650162756,mfh,118384.96876544278,131538.85418382531,147981.21095680346,r2,-338695.4116661896,-565209.3664783778,-226513.95481218823,0.30487564825627783
669,w160032054,558.7663555394857,mfh,60610.35153484233,67344.8350387137,75762.93941855291,r2,-173404.17604028,-370524.0390316303,-197119.86299135032,0.30487564825627783
670,w160032055,915.1860893286764,mfh,117551.19343225891,130612.43714695434,146938.99179032363,r2,-336310.008496727,-561228.6446623518,-224918.63616562483,0.30487564825627783
671,w160032056,579.5610938113182,mfh,57693.31188162339,64103.67986847043,72116.63985202923,r2,-165058.62375862928,-336738.17461027106,-171679.55085164178,0.30487564825627783
672,w160032057,300.306428108085,mfh,37313.43611538925,41459.37346154361,46641.79514423657,r1,-115969.25555797992,-193527.5979749512,-77558.34241697128,0.3311979290829584
673,w160032058,579.3688813976943,mfh,57693.4417204568,64103.82413384089,72116.80215057099,r2,-165058.99522316226,-348857.67461864237,-183798.6793954801,0.30487564825627783
674,w160032059,915.3225905947387,mfh,92194.63134061452,102438.47926734947,115243.28917576815,r2,-263765.73766886047,-440167.95135521714,-176402.21368635667,0.30487564825627783
675,w160032060,914.9022733874618,mfh,89683.02969465003,99647.81077183336,112103.78711831254,r2,-256580.12988188828,-523233.53913147876,-266653.4092495905,0.30487564825627783
676,w160032061,434.5004198986106,mfh,54507.02112981529,60563.35681090588,68133.77641226912,r2,-155942.7531449367,-260234.71731826346,-104291.96417332676,0.30487564825627783
677,w160032062,579.3681231357157,mfh,63760.568600850966,70845.07622316774,79700.7107510637,r2,-182416.8410528766,-304414.24245835363,-121997.40140547702,0.30487564825627783
678,w160032063,157.0142166607082,mfh,21768.76703500984,24187.51892778871,27210.9587937623,r1,-67656.80061354622,-149303.21140833732,-81646.4107947911,0.3311979290829584
679,w160032064,245.02896427586674,mfh,31648.601750868154,35165.11305652017,39560.75218858519,r1,-98363.08757920652,-209244.39095155027,-110881.30337234375,0.3311979290829584
680,w160032065,177.6155174203217,mfh,23633.30432957042,26259.22703285602,29541.630411963022,r1,-73451.73735809066,-164045.8826422651,-90594.14528417443,0.3311979290829584
681,w160032066,915.0334876678884,mfh,90981.15204470573,101090.16893856191,113726.44005588215,r2,-260294.0142400986,-533839.3418662994,-273545.3276262008,0.30487564825627783
682,w160032067,686.1767572972923,mfh,82068.33429355826,91187.03810395363,102585.41786694783,r2,-234794.74259428986,-500539.4189993035,-265744.67640501366,0.30487564825627783
683,w160032068,579.4084268193692,mfh,55797.50842459628,61997.23158288475,69746.88553074535,r2,-159634.79386694613,-328009.33424563316,-168374.54037868703,0.30487564825627783
684,w160032069,582.2339869499207,mfh,56337.525071553566,62597.25007950396,70421.90633944195,r2,-161179.7633208823,-328279.9284606114,-167100.16513972907,0.30487564825627783
685,w160032070,655.6557445708662,mfh,64738.30461673968,71931.4495741552,80922.8807709246,r2,-185214.11089089475,-382859.47061929165,-197645.3597283969,0.30487564825627783
686,w160032071,187.63290931591763,mfh,21296.262178485253,23662.513531650282,26620.327723106566,r1,-66188.26696552642,-146176.04450690016,-79987.77754137374,0.3311979290829584
687,w160032072,300.05888833065984,mfh,31840.051021962732,35377.83446884748,39800.06377745341,r1,-98958.10727606041,-206037.56716993658,-107079.45989387616,0.3311979290829584
688,w160032074,652.9879129000007,mfh,66119.07190804384,73465.63545338204,82648.8398850548,r2,-189164.43964479296,-396608.59341424593,-207444.15376945297,0.30487564825627783
689,w160032075,187.48918503960593,mfh,19824.58853199762,22027.320591108466,24780.73566499702,r1,-61614.34092237975,-141485.41871948936,-79871.07779710961,0.3311979290829584
690,w160032079,410.4375718038529,mfh,56450.435111772305,62722.70567974701,70563.04388971538,r2,-161502.7951462224,-269513.224522362,-108010.4293761396,0.30487564825627783
691,w160032080,367.35827468354256,mfh,37513.62238413698,41681.802649041085,46892.027980171224,r1,-116591.42963189293,-249775.28630556085,-133183.8566736679,0.3311979290829584
692,w160032082,146.62608959153295,mfh,18641.24062010344,20712.48957789271,23301.550775129297,r1,-57936.52427788532,-132536.7090254868,-74600.18474760148,0.3311979290829584
693,w160032083,292.00384606306903,mfh,30643.0030164966,34047.781129440664,38303.75377062075,r1,-95237.71107261835,-200433.30013807456,-105195.58906545621,0.3311979290829584
694,w160032087,547.5336022242903,mfh,60767.66004008141,67519.62226675713,75959.57505010176,r2,-173854.23037991585,-290125.0977366796,-116270.86735676375,0.30487564825627783
695,w160032089,324.3052944285795,mfh,36712.527765060455,40791.69751673384,45890.65970632557,r1,-114101.64696169033,-253655.4793294355,-139553.83236774517,0.3311979290829584
696,w160032093,651.9691053661052,mfh,70334.93715781553,78149.93017535059,87918.6714472694,r2,-201225.8882492159,-420810.95078745444,-219585.06253823853,0.30487564825627783
697,w160032096,417.5862662355881,mfh,47555.89860683755,52839.88734093061,59444.87325854694,r1,-147802.58086580117,-318219.9802153242,-170417.39934952304,0.3311979290829584
698,w160032097,55.47504670508206,th,7948.649698139474,8831.832997932748,9935.812122674342,r1,-24704.21071202867,-68783.23443658286,-44079.023724554194,0.3311979290829584
699,w160032099,154.26596265360712,mfh,19916.581628132146,22129.53514236905,24895.727035165182,r1,-61900.25323670543,-134471.807654346,-72571.55441764055,0.3311979290829584
700,w160032101,417.4909567882307,mfh,46112.95125263289,51236.61250292543,57641.18906579111,r1,-143317.93544319813,-306209.8970490129,-162891.96160581475,0.3311979290829584
701,w160032104,110.95144802480935,th,12429.560392323068,13810.622658136743,15536.950490403835,r1,-38630.772603013116,-91735.78069730327,-53105.008094290155,0.3311979290829584
702,w160032105,152.98637234792113,mfh,20848.956423449432,23165.507137166034,26061.19552931179,r1,-64798.05151450529,-108133.92914115722,-43335.87762665193,0.3311979290829584
703,w160032106,115.7174410201609,mfh,13210.000451569256,14677.778279521395,16512.50056446157,r1,-41056.36140160351,-105486.77277230898,-64430.411370705464,0.3311979290829584
704,w160032107,169.80155310891567,th,20257.197734231464,22507.997482479404,25321.49716778933,r1,-62958.879843304785,-105064.74952041665,-42105.86967711186,0.3311979290829584
705,w160032108,125.84912734059617,mfh,15892.879065874109,17658.7545176379,19866.098832342635,r1,-49394.68314423814,-112853.01694070555,-63458.333796467414,0.3311979290829584
706,w160032109,117.1162128248019,mfh,12173.84675432335,13526.49639369261,15217.308442904186,r1,-37836.020810571805,-89800.07256299903,-51964.05175242723,0.3311979290829584
707,w160032110,214.96215275530702,mfh,27759.583627761367,30843.98180862374,34699.479534701706,r1,-86276.11346099667,-189876.22402888243,-103600.11056788576,0.3311979290829584
708,w160032111,253.8681676615961,th,29680.37219464188,32978.191327379864,37100.46524330235,r1,-92245.87779726861,-207817.25086519113,-115571.37306792253,0.3311979290829584
709,w160032112,125.84912488418631,th,14784.277193453934,16426.97465939326,18480.346491817418,r1,-45949.17537976489,-104211.23916450025,-58262.06378473536,0.3311979290829584
710,w160032113,105.45346036842092,mfh,13847.210707174945,15385.789674638827,17309.01338396868,r1,-43036.79544010859,-98711.4898716535,-55674.69443154491,0.3311979290829584
711,w160032114,381.28189064939505,mfh,38441.58971886041,42712.87746540045,48051.98714857551,r1,-119475.52962893435,-251275.07959878063,-131799.54996984627,0.3311979290829584
712,w160032115,139.91205219514669,mfh,18194.998750903073,20216.66527878119,22743.748438628838,r1,-56549.61535826899,-126411.57630016877,-69861.96094189979,0.3311979290829584
713,w160032116,192.1807412372902,mfh,25401.90433957016,28224.338155077952,31752.3804244627,r1,-78948.50334622529,-131747.9718465006,-52799.468500275296,0.3311979290829584
714,w160032117,302.6253065098543,mfh,38132.472874110405,42369.414304567115,47665.591092638,r1,-118514.80196356385,-197775.56420562277,-79260.76224205892,0.3311979290829584
715,w160032118,188.54685349911452,mfh,24193.179771566014,26881.31085729557,30241.474714457516,r1,-75191.81666927063,-168353.2517021973,-93161.43503292667,0.3311979290829584
716,w160032119,301.6826584111899,mfh,37828.96424629396,42032.182495882174,47286.20530786744,r1,-117571.50450056816,-250867.6098275174,-133296.1053269492,0.3311979290829584
717,w160032121,128.1140758719295,mfh,17251.90075647625,19168.778618306944,21564.87594559531,r1,-53618.48963739775,-118515.01446201869,-64896.52482462094,0.3311979290829584
718,w160032123,387.4767547928728,mfh,54442.01474559972,60491.1274951108,68052.51843199965,r2,-155756.7720673351,-355324.1450694676,-199567.3730021325,0.30487564825627783
719,w160032125,297.0948597435839,mfh,31398.011390583837,34886.67932287093,39247.51423822979,r1,-97584.25880979728,-209383.29962744014,-111799.04081764286,0.3311979290829584
720,w160032126,464.2806208854541,mfh,50568.14004669606,56186.82227410674,63210.17505837008,r2,-144673.74692004628,-311404.0262265917,-166730.27930654545,0.30487564825627783
721,w160032127,228.89082276217522,mfh,26202.43345212795,29113.81494680883,32753.041815159933,r1,-81436.52843586658,-187524.10993014823,-106087.58149428165,0.3311979290829584
722,w160032128,268.14993185095955,mfh,30473.596445371426,33859.55160596825,38091.99555671428,r1,-94711.19955330229,-242485.2801055992,-147774.08055229692,0.3311979290829584
723,w160032129,100.24086796883493,mfh,13847.774666178364,15386.416295753737,17309.718332722954,r1,-43038.54821102975,-98399.29254570913,-55360.74433467938,0.3311979290829584
724,w160032130,150.2635816658847,mfh,14029.486662093666,15588.318513437407,17536.858327617083,r1,-43603.304692504295,-94683.00703362693,-51079.70234112263,0.3311979290829584
725,w160032131,100.12314690686762,mfh,14135.939899488163,15706.599888320181,17669.924874360204,r1,-43934.15877558043,-100547.98961515314,-56613.830839572714,0.3311979290829584
726,w160032132,257.78643680289383,mfh,32040.0698986087,35600.07766512078,40050.087373260874,r1,-99579.76109937608,-220393.070043526,-120813.30894414993,0.3311979290829584
727,w160032133,136.6476590367034,mfh,17304.298376071107,19226.998195634562,21630.372970088883,r1,-53781.34016980744,-118566.15381288914,-64784.8136430817,0.3311979290829584
728,w160032134,132.71697852164507,th,15243.003074861019,16936.67008317891,19053.753843576273,r1,-47374.88430690433,-111021.32034486554,-63646.43603796121,0.3311979290829584
729,w160032135,165.9338162511587,mfh,22655.11538553312,25172.350428370133,28318.8942319164,r1,-70411.54981588073,-157333.82138526882,-86922.27156938809,0.3311979290829584
730,w160032136,153.4784858365543,mfh,20651.507489251788,22946.119432501986,25814.384361564735,r1,-64184.38501006418,-150764.98111921616,-86580.59610915199,0.3311979290829584
731,w160032137,244.7570460377261,mfh,31882.694606522888,35425.21622946987,39853.368258153605,r1,-99090.64250386608,-212945.04893922576,-113854.40643535968,0.3311979290829584
732,w160032138,345.56507694348693,mfh,33660.554635708184,37400.61626189798,42075.693294635224,r1,-104616.18840731271,-221299.6632737672,-116683.47486645447,0.3311979290829584
733,w160032139,170.051029805094,mfh,20953.231302739754,23281.36811415528,26191.53912842469,r1,-65122.13531336264,-142988.49947535194,-77866.3641619893,0.3311979290829584
734,w160032140,210.13578363517297,mfh,25061.983224774885,27846.648027527648,31327.479030968607,r1,-77892.0367557633,-179034.31924905936,-101142.28249329606,0.3311979290829584
735,w160032141,252.5825279586017,mfh,26752.030081941455,29724.477868823837,33440.03760242682,r1,-83144.66144778077,-178915.696293135,-95771.03484535422,0.3311979290829584
736,w160032142,252.46278136584442,mfh,34459.97295454553,38288.858838383916,43074.96619318191,r1,-107100.76117697898,-178727.99952145087,-71627.23834447189,0.3311979290829584
737,w160032143,236.73276664549485,mfh,29576.02728282697,32862.25253647441,36970.03410353371,r1,-91921.57633902131,-197324.0204829348,-105402.4441439135,0.3311979290829584
738,w160032144,216.15235636769793,mfh,24178.437367510116,26864.93040834457,30223.046709387643,r1,-75145.99763458806,-167134.82391989548,-91988.82628530743,0.3311979290829584
739,w160032145,143.2480424195528,mfh,18000.89068230275,20000.989647003054,22501.113352878438,r1,-55946.332183174505,-93362.32461633185,-37415.99243315735,0.3311979290829584
740,w160032146,425.3107569515705,mfh,43179.60460429989,47977.3384492221,53974.50575537486,r1,-134201.1651181952,-288319.7819897575,-154118.6168715623,0.3311979290829584
741,w160032147,237.48158785337583,mfh,32014.72814949744,35571.92016610827,40018.4101868718,r1,-99500.99955702222,-221714.0918291671,-122213.09227214487,0.3311979290829584
742,w160032148,183.97369813346305,th,23560.800292201195,26178.66699133466,29451.000365251493,r1,-73226.3965663004,-162097.66424002373,-88871.26767372333,0.3311979290829584
743,w160032149,343.71558685973287,mfh,34361.6584028396,38179.620447599555,42952.0730035495,r1,-106795.20193186968,-229301.41357380638,-122506.2116419367,0.3311979290829584
744,w160032150,136.78365420317277,mfh,19017.245100468906,21130.27233385434,23771.556375586133,r1,-59105.13709444831,-133278.41548963758,-74173.27839518926,0.3311979290829584
745,w160032151,156.68413198292254,mfh,18994.198311231074,21104.66479025675,23742.74788903884,r1,-59033.508231787484,-144521.5406815058,-85488.03244971833,0.3311979290829584
746,w160032152,131.687454425171,th,16816.435705141692,18684.928561268545,21020.544631427114,r1,-52265.07480664841,-87219.10248233718,-34954.027675688776,0.3311979290829584
747,w160032153,131.7784823913127,mfh,14664.81319433541,16294.236882594898,18331.01649291926,r1,-45577.88416442595,-95790.91022766774,-50213.02606324179,0.3311979290829584
748,w160032155,131.65618118494749,mfh,16155.971644692994,17951.079605214436,20194.96455586624,r1,-50212.36850599638,-109375.98366014745,-59163.61515415107,0.3311979290829584
749,w160032156,597.6746075108182,mfh,62825.58869422202,69806.20966024668,78531.98586777752,r2,-179741.89500459295,-396573.3158877109,-216831.42088311794,0.30487564825627783
750,w160032157,145.99030133634804,mfh,18497.65764028637,20552.95293365152,23122.072050357958,r1,-57490.271854798644,-163518.49236265995,-106028.2205078613,0.3311979290829584
751,w160032158,192.3817300193943,mfh,24447.84564861781,27164.27294290868,30559.807060772262,r1,-75983.31204606697,-164140.1969115246,-88156.88486545763,0.3311979290829584
752,w160032159,156.72131929650496,mfh,19753.449044420944,21948.276716023272,24691.81130552618,r1,-61393.241118289596,-131970.8039514988,-70577.5628332092,0.3311979290829584
753,w160032160,462.61881872685626,other,21516.45961733097,23907.177352589966,26895.57452166371,nr1,-62492.33165095505,-158229.62761290267,-95737.29596194762,0.3311847143494592
754,w160032161,876.0951372385025,trade,41598.98809684389,46221.0978853821,51998.73512105486,nr1,-120819.95861429606,-201631.93702534874,-80811.97841105268,0.3311847143494592
755,w160032162,197.75498196221892,mfh,21819.024375477275,24243.36041719697,27273.78046934659,r1,-67812.99921027444,-147774.67675576292,-79961.67754548848,0.3311979290829584
756,w160032163,355.37988740094,mfh,43004.925360010486,47783.25040001165,53756.1567000131,r1,-133658.26625841108,-283354.4503475806,-149696.18408916952,0.3311979290829584
757,w160032164,218.83437259588393,mfh,24626.450963512878,27362.723292792085,30783.063704391097,r1,-76538.41303818753,-168901.0108284888,-92362.59779030127,0.3311979290829584
758,w160032165,192.38173281145282,mfh,24614.11645560697,27349.018284007743,30767.645569508713,r1,-76500.07768640973,-164278.3964987134,-87778.31881230368,0.3311979290829584
759,w160032166,5513.669180350005,other,296885.1769801247,329872.41886680527,371106.47122515587,nr2,-793774.0254765032,-1846119.3728795052,-1052345.347403002,0.30487564825627783
760,w160032167,119.51807446111924,mfh,13433.338114289052,14925.931238098947,16791.672642861315,r1,-41750.48944715737,-92662.1825782889,-50911.693131131535,0.3311979290829584
761,w160032168,107.41719602905214,th,13873.999853026246,15415.555392251383,17342.499816282805,r1,-43120.05545646844,-71958.04368050722,-28837.98822403878,0.3311979290829584
763,w160032170,37.81535124108195,sfh,4769.791538029326,5299.76837558814,5962.239422536657,r0,-18190.635074954316,-46544.09754444479,-28353.462469490474,0.4064044457306171
764,w160032171,82.13437312801835,th,9646.465808249995,10718.295342499994,12058.082260312494,r1,-29980.98205399192,-69649.86314345936,-39668.88108946744,0.3311979290829584
765,w160032172,100.39566505721304,th,14312.979822175337,15903.310913528152,17891.22477771917,r1,-44484.39456663925,-105635.72611525517,-61151.33154861592,0.3311979290829584
766,w160032173,119.7984774223063,mfh,12295.751901574888,13661.94655730543,15369.689876968609,r1,-38214.89905517325,-83260.23623829114,-45045.33718311789,0.3311979290829584
767,w160032174,119.65868240431882,mfh,13051.979082176204,14502.19898019578,16314.973852720253,r1,-40565.23481347332,-87708.59692097249,-47143.36210749917,0.3311979290829584
768,w160032175,69.26172256879508,th,7386.415528105403,8207.128364561559,9233.019410131752,r1,-22956.80053124346,-59464.88511126337,-36508.08458001991,0.3311979290829584
769,w160032176,103.52918697646818,th,13372.589931875937,14858.433257639928,16715.73741484492,r1,-41561.68556779435,-96046.82847514775,-54485.142907353395,0.3311979290829584
770,w160032177,62.96843930834439,th,7111.322358229594,7901.469286921771,8889.152947786992,r1,-22101.817623185176,-36883.151960538285,-14781.33433735311,0.3311979290829584
771,w160032178,300.84989367914386,mfh,31793.30178992664,35325.89087769627,39741.6272374083,r1,-98812.81179535565,-220480.82155393556,-121668.00975857991,0.3311979290829584
772,w160127708,318.335366258584,mfh,40928.439383668316,45476.04375963146,51160.54922958539,r1,-127204.59814517961,-283996.9833259129,-156792.38518073328,0.3311979290829584
773,w160127710,130.057766958978,mfh,19160.41845180246,21289.353835336067,23950.523064753073,r1,-59550.11640213114,-99376.26081139543,-39826.14440926429,0.3311979290829584
774,w160127712,149.28690248169005,mfh,19893.976263748034,22104.41807083115,24867.470329685042,r1,-61829.996311796815,-141174.64148240714,-79344.64517061033,0.3311979290829584
775,w160127717,149.4986190713942,mfh,20018.073736971855,22242.30415219095,25022.59217121482,r1,-62215.68825241273,-141824.86004337037,-79609.17179095764,0.3311979290829584
776,w160127718,161.62649620659647,mfh,19998.168014560528,22220.18668284503,24997.710018200658,r1,-62153.82174935879,-141488.90312959364,-79335.08138023486,0.3311979290829584
777,w160127719,242.7560603125021,mfh,26016.569220877962,28907.299134308847,32520.71152609745,r1,-80858.86690755651,-176500.2157591384,-95641.34885158189,0.3311979290829584
778,w164087844,70.24407002975931,other,5531.1032271675895,6145.670252408432,6913.879033959486,nr1,-16064.517277248116,-51569.9468957064,-35505.429618458285,0.3311847143494592
779,w164087850,88.49543042890728,other,9571.515035104732,10635.016705671924,11964.393793880914,nr1,-27799.47549986689,-86476.5335737836,-58677.058073916705,0.3311847143494592
780,w164087857,77.59434223277493,other,5732.685063821826,6369.65007091314,7165.856329777282,nr1,-16649.990873511062,-50560.88886496788,-33910.89799145682,0.3311847143494592
786,w164088149,49.229225591477004,other,5037.637509600219,5597.37501066691,6297.046887000274,nr1,-14631.297136525827,-47743.84305772292,-33112.545921197096,0.3311847143494592
788,w164088153,80.69597001839429,other,6314.859681225849,7016.51075691761,7893.574601532311,nr1,-18340.85683922392,-61513.97691568365,-43173.12007645973,0.3311847143494592
791,w164088159,54.065223559696456,other,5119.410322922457,5688.233692136064,6399.262903653072,nr1,-14868.797815589625,-45719.81409499054,-30851.016279400916,0.3311847143494592
793,w164088169,56.479432658094446,other,4565.7132450906565,5073.014716767396,5707.14155636332,nr0,-16259.777754049052,-49596.837588377275,-33337.059834328225,0.4060881731088696
795,w164088175,32.08830586867407,other,2825.594723491785,3139.54969276865,3531.993404364731,nr0,-10062.730566005543,-31175.22868921125,-21112.498123205707,0.4060881731088696
799,w164088182,35.81288355943252,other,2845.4381235960636,3161.597915106737,3556.7976544950793,nr0,-10133.398445975266,-31560.000331308886,-21426.60188533362,0.4060881731088696
800,w359788107,586.4023264580406,other,46109.15580262688,51232.39533625209,57636.4447532836,nr1,-133919.27425840852,-331627.12591692363,-197707.8516585151,0.3311847143494592
801,w377595955,68.13203878551721,other,5269.498540512313,5854.998378347015,6586.873175640391,nr1,-15304.713520930442,-25541.46738863481,-10236.753867704369,0.3311847143494592
802,w377595956,85.03076633159071,other,6722.920315991011,7469.911462212234,8403.650394988763,nr1,-19526.026749839868,-58927.85252633129,-39401.82577649142,0.3311847143494592
805,w377595969,38.68702136902139,other,3090.1691164444,3433.521240493778,3862.7113955555,nr0,-11004.953740763103,-32640.06580287032,-21635.112062107215,0.4060881731088696
814,w377595984,35.49371746703982,other,2841.029831970761,3156.699813300845,3551.287289963451,nr0,-10117.699290497305,-28438.959547749066,-18321.26025725176,0.4060881731088696
818,w377595990,36.364706988167015,other,2791.57936980043,3101.754855333811,3489.474212250537,nr0,-9941.592408272683,-27382.258275277905,-17440.66586700522,0.4060881731088696
819,w377595993,54.98309161569923,other,4220.0307815631595,4688.923090625733,5275.038476953949,nr0,-15028.706127622878,-41010.35127761412,-25981.645149991244,0.4060881731088696
823,w377596001,68.93592455182224,other,4836.798385703419,5374.220428559354,6045.997982129273,nr0,-17225.1875163744,-47349.0874525255,-30123.899936151098,0.4060881731088696
825,w377596004,35.535723760165276,other,2630.7606042728767,2923.067338080974,3288.450755341096,nr0,-9368.871949104507,-28312.98333972038,-18944.11139061587,0.4060881731088696
827,w377596008,41.66994294051546,other,3243.63691899437,3604.041021104855,4054.546148742962,nr0,-11551.49537137207,-33589.91141775911,-22038.416046387043,0.4060881731088696
831,w377596012,33.714099188242116,other,2925.7385905314077,3250.8206561460083,3657.1732381642596,nr0,-10419.37079592935,-30435.385864483123,-20016.015068553774,0.4060881731088696
836,w377596021,41.97082374822348,other,3488.321395519886,3875.9126616887625,4360.401744399857,nr0,-12422.885008565925,-34170.66422762153,-21747.779219055603,0.4060881731088696
838,w377596023,32.13139781658538,other,2490.0711216668888,2766.7456907409874,3112.5889020836107,nr0,-8867.837478320502,-26816.220875344436,-17948.383397023936,0.4060881731088696
844,w377596038,30.39147779517807,other,2398.685899783123,2665.2065553145812,2998.357374728904,nr0,-8542.389225644489,-14256.075785374103,-5713.686559729615,0.4060881731088696
847,w377596043,50.74534401865676,other,3919.317771017566,4354.797523352851,4899.1472137719575,nr0,-13957.78326042795,-38358.79857428806,-24401.015313860113,0.4060881731088696
848,w377596044,31.44567816138733,other,2904.869813374752,3227.633125971947,3631.08726671844,nr0,-10345.051262408304,-28887.539024864825,-18542.48776245652,0.4060881731088696
861,w377596072,32.00744857888203,other,2718.9974702297686,3021.108300255298,3398.7468377872106,nr0,-9683.108028585752,-28886.593532456758,-19203.48550387101,0.4060881731088696
863,w377596074,30.798605113010854,other,2855.316162411527,3172.5735137905854,3569.1452030144083,nr0,-10168.576896123885,-29800.7754237262,-19632.19852760232,0.4060881731088696
877,w377596096,31.32093481458723,other,2660.043472138398,2955.603857931553,3325.0543401729974,nr0,-9473.156405428288,-26676.563480492667,-17203.40707506438,0.4060881731088696
882,w377596101,34.10184732507914,other,2734.2308274665847,3038.0342527406497,3417.788534333231,nr0,-9737.358260657378,-28157.332777676453,-18419.974517019073,0.4060881731088696
886,w377596106,35.077698366669935,other,2779.2898943774467,3088.099882641607,3474.112367971808,nr0,-9897.826160073362,-28165.717059790073,-18267.89089971671,0.4060881731088696
893,w377596115,40.14825235735625,other,3192.6172371227067,3547.352485691896,3990.771546403383,nr0,-11369.800060303742,-33398.96618382884,-22029.166123525094,0.4060881731088696
895,w377596117,32.339281557500364,other,2797.665055321845,3108.5167281353833,3497.081319152306,nr0,-9963.26523106015,-28901.029356253573,-18937.764125193426,0.4060881731088696
899,w377596123,32.752713098051025,other,2913.410473739367,3237.1227485992963,3641.7630921742084,nr0,-10375.466935041879,-30838.402278001697,-20462.93534295982,0.4060881731088696
901,w377596125,37.63718191203661,other,2922.0877489035165,3246.7641654483514,3652.6096861293954,nr0,-10406.369131063826,-30196.075838515124,-19789.706707451296,0.4060881731088696
909,w377596135,73.15242530554532,other,5088.204744337678,5653.560827041864,6360.255930422097,nr1,-14778.164439980319,-43566.37514517347,-28788.210705193153,0.3311847143494592
916,w377596142,40.572792674647644,other,3113.8461841117532,3459.8290934575034,3892.3077301396916,nr0,-11089.274379724104,-32596.4229483038,-21507.148568579694,0.4060881731088696
917,w377596143,37.61386710904771,other,2745.329396719578,3050.3659963550867,3431.6617458994724,nr0,-9776.883359969219,-29028.325254281634,-19251.441894312415,0.4060881731088696
918,w377596145,32.806498026452026,other,2693.449218590027,2992.721353988919,3366.811523237534,nr0,-9592.123581826334,-26702.601066855455,-17110.47748502912,0.4060881731088696
919,w377596147,34.850180151499806,other,2595.9189583634725,2884.354398181636,3244.8986979543406,nr0,-9244.791134418798,-15428.288216671099,-6183.497082252301,0.4060881731088696
929,w377596159,36.51154847629368,other,2488.2164818409556,2764.684979823284,3110.2706023011942,nr0,-8861.232588840001,-26502.834463065217,-17641.601874225216,0.4060881731088696
931,w377596161,32.13265920560807,other,2649.7963962137605,2944.2182180152895,3312.2454952672006,nr0,-9436.663711248988,-27890.58078299716,-18453.917071748172,0.4060881731088696
934,w377596166,38.724472055921794,other,2981.905002903568,3313.227781003964,3727.38125362946,nr0,-10619.395049181696,-17722.313584293388,-7102.918535111692,0.4060881731088696
935,w377596167,41.94859704792034,other,3114.8432704850466,3460.9369672056073,3893.554088106308,nr0,-11092.82528227997,-33663.45426190321,-22570.628979623238,0.4060881731088696
936,w377596168,31.29673577034846,other,2563.979256552608,2848.865840614009,3204.97407069076,nr0,-9131.044951709298,-26659.120302044692,-17528.07535033539,0.4060881731088696
937,w377596169,36.7579496475868,other,3082.2442820121273,3424.7158689023636,3852.805352515159,nr0,-10976.731195962477,-30565.07085556143,-19588.339659598954,0.4060881731088696
940,w379327852,945.496160332486,other,38030.77627777757,42256.41808641952,47538.47034722196,nr1,-110456.45642277655,-332160.69837974524,-221704.24195696868,0.3311847143494592
941,w379327862,94.51021252730861,other,9084.066665311519,10093.407405901688,11355.083331639398,nr1,-26383.732123419464,-79314.78001496094,-52931.04789154147,0.3311847143494592
942,w387435839,3594.435384737421,other,196483.33588232234,218314.8176470248,245604.1698529029,nr2,-525332.2851912003,-1270797.285619943,-745465.0004287426,0.30487564825627783
943,w387435840,942.2609318409114,other,56823.35165188755,63137.05739098616,71029.18956485944,nr2,-151927.08858214665,-409624.89666289405,-257697.8080807474,0.30487564825627783
944,w390787314,132.5826213063672,other,9844.203167691367,10938.003519657073,12305.253959614207,nr1,-28591.46997860341,-77239.89640817395,-48648.42642957054,0.3311847143494592
945,w390787315,330.5195846647024,other,28537.57339615315,31708.414884614613,35671.966745191436,nr1,-82884.43047337615,-207089.93600130602,-124205.50552792987,0.3311847143494592
946,w390787316,150.59577141329646,other,12304.720854223664,13671.912060248515,15380.90106777958,nr1,-35737.78912378307,-59641.46759092816,-23903.678467145088,0.3311847143494592
947,w390789514,104.66224040389062,trade,10397.319493968453,11552.577215520503,12996.649367460564,nr1,-30197.939143048286,-123135.241248463,-92937.30210541471,0.3311847143494592
948,w390789515,335.6007874913513,trade,25636.797863414322,28485.330959349245,32045.997329267902,nr1,-74459.42794689743,-170846.67077941008,-96387.24283251265,0.3311847143494592
949,w390790006,38.98714106846601,trade,2776.3285059702725,3084.8094510780807,3470.4106324628406,nr0,-9887.279830341455,-39918.26522453158,-30030.985394190124,0.4060881731088696
950,w390793102,268.1788772383239,sfh,30059.790808766775,33399.76756529642,37574.738510958465,r1,-93425.1016588512,-200849.0625668361,-107423.9609079849,0.3311979290829584
951,w390793103,629.0808588726446,th,87553.79058492262,97281.98953880291,109442.23823115327,r2,-250488.44844356546,-543469.2013002298,-292980.7528566643,0.30487564825627783
952,w390793104,761.76513240356,mfh,80676.55852455663,89640.6205828407,100845.69815569579,r2,-230812.91895616395,-481574.221417012,-250761.30246084803,0.30487564825627783
953,w390793105,324.12222724705936,th,47118.253767594215,52353.615297326905,58897.817209492765,r1,-146442.39130703502,-332533.4722662707,-186091.0809592357,0.3311979290829584
954,w390793106,1475.9963392082602,mfh,145242.0290743921,161380.03230488012,181552.53634299012,r2,-415532.5573979757,-800409.260977238,-384876.70357926225,0.30487564825627783
955,w390793107,895.6360460046678,mfh,90245.7910168643,100273.10112984922,112807.23877108037,r2,-258190.17108631533,-430863.5369836867,-172673.36589737135,0.30487564825627783
956,w390793108,286.70933025064875,mfh,25575.074405456515,28416.749339396127,31968.843006820643,r1,-79486.71171609138,-164279.9811146018,-84793.26939851043,0.3311979290829584
957,w390793793,117.72837251536548,mfh,12242.925925452717,13603.251028280796,15303.657406815895,r1,-38050.71720105328,-86745.47630384803,-48694.75910279475,0.3311979290829584
958,w390794364,96.81251710766227,sfh,13040.642047928714,14489.602275476347,16300.802559910891,r1,-40529.99958566286,-109895.28678511325,-69365.2871994504,0.3311979290829584
959,w475684695,267.0884538785554,mfh,32327.72471892473,35919.69413213859,40409.65589865591,r1,-100473.78531270646,-221305.1866686004,-120831.40135589393,0.3311979290829584
960,w620369477,3702.806372543797,other,329831.05954184383,366478.95504649315,412288.8244273048,nr2,-881860.5580878726,-1471704.2991311972,-589843.7410433246,0.30487564825627783
961,w620369478,20480.360502976928,other,1687025.1117225294,1874472.3463583658,2108781.3896531616,nr2,-4510554.308009753,-7527496.388948644,-3016942.0809388906,0.30487564825627783
962,w993163452,1412.2592688187956,other,69902.24125333331,77669.15694814813,87377.80156666663,nr2,-186895.7689093473,-481898.3309721804,-295002.5620628331,0.30487564825627783
963,w993163453,1066.3710880815981,other,51293.74656664398,56993.051740715535,64117.183208304974,nr2,-137142.73008888654,-350603.1157294757,-213460.38564058914,0.30487564825627783
964,w993163454,1257.084109787643,other,59883.17288306017,66536.85875895574,74853.96610382521,nr2,-160108.05147363164,-401990.0125289241,-241881.96105529246,0.30487564825627783
965,w993163455,1355.0658122852444,mfh,137933.86271477625,153259.84746086248,172417.3283934703,r2,-394624.13938251534,-658542.3130482052,-263918.1736656899,0.30487564825627783
966,w993163456,1286.649396429956,mfh,130250.32129646631,144722.5792182959,162812.90162058288,r2,-372641.78595650883,-771379.6731681312,-398737.8872116223,0.30487564825627783
967,w993163457,923.1744978809729,ab,96260.7750734298,106956.41674825533,120325.96884178725,r2,-275398.83805180184,-571811.6519734813,-296412.81392167945,0.30487564825627783
968,w993163458,923.3917086940259,ab,96786.7143031862,107540.7936702069,120983.39287898275,r2,-276903.53248886904,-572241.7194752817,-295338.1869864126,0.30487564825627783
969,w993163460,1313.604391914094,ab,125644.15428679457,139604.6158742162,157055.1928584932,r2,-359463.69715171296,-749452.340464132,-389988.64331241907,0.30487564825627783
970,w993163461,1099.8535498690792,ab,118342.74284405124,131491.93649339027,147928.42855506405,r2,-338574.6047261039,-708005.3892287562,-369430.7845026523,0.30487564825627783
971,w993164648,226.1375619597733,ab,25333.36690212359,28148.18544680399,31666.708627654487,r1,-78735.49065090688,-195056.5561181497,-116321.0654672428,0.3311979290829584
972,w993164649,158.37299746889622,other,12554.80104281894,13949.778936465487,15693.501303523673,nr1,-36464.1211673894,-101463.76130778634,-64999.640140396936,0.3311847143494592
973,w993164650,163.5844805765897,other,11822.83966197053,13136.48851330059,14778.549577463164,nr1,-34338.21503872381,-94001.21562244148,-59663.00058371767,0.3311847143494592
974,w993164651,162.24389737509188,other,11008.365752407117,12231.517502674575,13760.457190508896,nr1,-31972.659804140072,-88003.92626030077,-56031.266456160694,0.3311847143494592
975,w993164652,173.63842588849366,other,12537.52789010725,13930.586544563612,15671.909862634062,nr1,-36413.95308178823,-100200.57573084907,-63786.62264906084,0.3311847143494592
976,w1006795433,259.34726619906723,mfh,31206.31317629144,34673.68130699049,39007.8914703643,r1,-96988.46540351505,-206788.4393911405,-109799.97398762546,0.3311979290829584
977,w1006849999,188.95288848243652,other,12692.659037467965,14102.954486075516,15865.823796834957,nr1,-36864.515455091045,-101487.60190877033,-64623.08645367929,0.3311847143494592
978,w1007159125,240.08975319266318,education,18188.745430473453,20209.717144970502,22735.931788091813,nr1,-52827.32995907892,-139642.54202534727,-86815.21206626834,0.3311847143494592
979,w1007160095,265.99824453517795,sfh,29700.45869061807,33000.5096562423,37125.57336327258,r1,-92308.30614018303,-204225.32552953967,-111917.01938935663,0.3311979290829584
980,w1007176059,713.9090096209663,trade,44584.74507920726,49538.60564356363,55730.93134900908,nr1,-129491.78097213022,-336782.3444259534,-207290.56345382318,0.3311847143494592
981,w1029411791,412.32884333096445,trade,24243.8769969841,26937.64110776011,30304.846246230125,nr1,-70413.83335110349,-191041.2398973465,-120627.40654624302,0.3311847143494592
982,w1030080397,647.4037659055554,other,30520.396752890152,33911.551947655724,38150.49594111269,nr1,-88643.33584248536,-248209.2047853501,-159565.86894286473,0.3311847143494592
983,w1030080398,123.65970464986749,other,6312.042173885407,7013.380193206007,7890.052717356758,nr1,-18332.67368055008,-51784.3376569556,-33451.663976405514,0.3311847143494592
984,w1030080399,86.80603968682699,other,6773.282403048039,7525.869336720043,8466.603003810047,nr1,-19672.298223073638,-57545.19044781374,-37872.8922247401,0.3311847143494592
985,w1036126248,1409.4026292502879,trade,62527.62490135226,69475.13877928029,78159.53112669032,nr2,-167178.4527145791,-449076.0510299909,-281897.59831541183,0.30487564825627783
986,w1036126249,536.9865712554193,mfh,58786.42745363585,65318.25272626206,73483.0343170448,r2,-168185.99062388585,-361392.3733792029,-193206.38275531706,0.30487564825627783
987,w1036126250,784.2879224468953,mfh,83022.8157791949,92247.57308799434,103778.51972399362,r2,-237525.4820038341,-488738.24780253554,-251212.76579870144,0.30487564825627783
988,w1036126251,422.468481163308,mfh,52845.09736255475,58716.77484728305,66056.37170319344,r2,-151188.04517499683,-334282.37806442525,-183094.33288942842,0.30487564825627783
989,w1036680208,878.3984476357698,mfh,87023.10356131091,96692.33729034546,108778.87945163864,r2,-248970.17072805416,-525425.2510594593,-276455.08033140516,0.30487564825627783
990,w1075387093,82.43980132825672,other,6640.5639729472905,7378.404414385878,8300.704966184112,nr1,-19286.83126905071,-55892.077337809795,-36605.24606875909,0.3311847143494592
991,w1075387094,82.56877346616238,other,5523.9930738652965,6137.770082072551,6904.99134233162,nr1,-16043.866572338557,-40912.476174227726,-24868.60960188917,0.3311847143494592
992,w1075387095,130.11354850369972,other,4922.185612555075,5469.095125061194,6152.732015693843,nr0,-17529.275236542846,-43094.435628085645,-25565.1603915428,0.4060881731088696
993,w1075387096,86.78853361294604,other,5651.038189360073,6278.931321511192,7063.797736700091,nr1,-16412.855970842502,-42385.79499421835,-25972.939023375846,0.3311847143494592
994,w1075387097,130.27800867820625,other,5001.394598025604,5557.105108917338,6251.743247532005,nr1,-14526.033348226154,-38385.50009718534,-23859.46674895918,0.3311847143494592
995,w1075387098,130.18280181584413,other,4914.504272727153,5460.56030303017,6143.1303409089405,nr0,-17501.919843912867,-42974.39896778734,-25472.479123874473,0.4060881731088696
996,w1075387099,86.85200681062415,other,7574.079042728552,8415.643380809503,9467.598803410689,nr1,-21998.129241833634,-62001.15366897935,-40003.02442714572,0.3311847143494592
997,w1107949539,145.45949292609,other,7234.128086910359,8037.920096567066,9042.660108637949,nr1,-21010.77684957771,-35064.104334881216,-14053.327485303507,0.3311847143494592
998,w1107949540,113.13991883732378,other,8157.082843669978,9063.42538185553,10196.353554587471,nr1,-23691.40348537381,-64744.0433067002,-41052.63982132639,0.3311847143494592
999,w1108636740,113.13954655230044,other,8437.78627390423,9375.318082115811,10547.232842380286,nr1,-24506.677567157698,-66555.6468749173,-42048.969307759595,0.3311847143494592
1000,w1108636741,169.70950587596744,other,6388.827258846157,7098.696954273508,7986.034073557696,nr1,-18555.68801843627,-48265.06933929522,-29709.381320858953,0.3311847143494592
1001,w1108636742,113.35190696045755,other,7307.257952288273,8119.1755025425255,9134.072440360342,nr1,-21223.174980221153,-54144.7731116539,-32921.59813143275,0.3311847143494592
1002,w1108636743,97.02220907397567,other,8465.714383767012,9406.34931529668,10582.142979708764,nr1,-24587.79187383125,-66460.06938443915,-41872.2775106079,0.3311847143494592
1003,w1108636744,97.02139693088829,other,6248.685707876577,6942.984119862863,7810.857134845721,nr1,-18148.661377574957,-47172.67686826461,-29024.01549068965,0.3311847143494592
1004,w1108636745,97.02220705058426,other,6051.606396825816,6724.00710758424,7564.507996032269,nr1,-17576.26490126035,-45125.15476012691,-27548.88985886656,0.3311847143494592
1005,w1108636746,96.97299731615931,other,6049.968200571248,6722.186889523609,7562.46025071406,nr1,-17571.50692966695,-45106.25622840594,-27534.74929873899,0.3311847143494592
1006,w1108636747,96.97299630921333,other,6204.737122419419,6894.152358243799,7755.921403024274,nr1,-18021.01725643122,-46645.38557926233,-28624.36832283111,0.3311847143494592
1007,w1108636748,93.15071205198764,other,7049.813241953456,7833.125824392729,8812.266552441819,nr1,-20475.453444886934,-55483.237924381654,-35007.784479494716,0.3311847143494592
1008,w1108636749,139.88183319568634,other,5418.6318681190805,6020.702075687867,6773.28983514885,nr1,-15737.85584707344,-41885.26329331835,-26147.407446244906,0.3311847143494592
1009,w1108636750,139.7263257611543,other,5255.293421448891,5839.2149127209905,6569.116776811114,nr1,-15263.456221753877,-40409.84202221048,-25146.385800456606,0.3311847143494592
1010,w1108636751,139.8837134392932,other,5137.657930030147,5708.508811144608,6422.072412537684,nr1,-14921.7961032025,-38752.16886049284,-23830.372757290344,0.3311847143494592
1011,w1108636752,93.1510556358844,other,5632.758798770266,6258.620887522518,7040.9484984628325,nr1,-16359.765371392985,-42253.97272592437,-25894.207354531383,0.3311847143494592
1012,w1108636753,93.25489941500128,other,5561.032789158997,6178.925321287774,6951.290986448746,nr1,-16151.444594632074,-42017.71562805979,-25866.271033427718,0.3311847143494592
1013,w1108636754,139.72684112749994,other,6793.787494520834,7548.652771689815,8492.234368151043,nr1,-19731.853140548028,-56868.04651530945,-37136.193374761424,0.3311847143494592
1014,w1159236388,245.9913005110109,other,17161.798074090097,19068.664526766774,21452.24759261262,nr1,-49844.667572954415,-151995.84591792017,-102151.17834496577,0.3311847143494592
1015,w1159236389,122.96537718712352,other,11214.556910810714,12460.618789789682,14018.19613851339,nr1,-32571.520698711836,-101620.60084150653,-69049.0801427947,0.3311847143494592
1016,w1159236390,245.9301320978673,other,9422.640053648083,10469.600059608982,11778.300067060103,nr1,-27367.083513397847,-99757.93612268107,-72390.85260928323,0.3311847143494592
1017,w1219742100,99.15745026543736,other,6796.05397685548,7551.171085394977,8495.06747106935,nr1,-19738.43590408147,-56785.4749453159,-37047.03904123443,0.3311847143494592
1018,w1219742101,534.7382739499211,other,26665.5596979286,29628.399664365108,33331.94962241074,nr1,-77447.36029709352,-212963.4604762656,-135516.1001791721,0.3311847143494592
1019,w1219742102,331.85329187787136,other,16686.177045042114,18540.19671671346,20857.72130630264,nr1,-48463.27548447652,-132239.19911565637,-83775.92363117984,0.3311847143494592
1020,w1219742103,321.63751182574777,other,17114.566871985295,19016.185413316995,21393.208589981616,nr1,-49707.48943125729,-136973.8735676992,-87266.3841364419,0.3311847143494592
1021,w1219742104,906.7466930493712,other,37559.58202112246,41732.868912358295,46949.477526403076,nr1,-109087.92143688149,-305584.88560690806,-196496.9641700266,0.3311847143494592
1022,w1219742105,1260.638449399173,ab,128554.44727096538,142838.2747455171,160693.0590887067,r2,-367789.94744026056,-778558.6443090447,-410768.69686878414,0.30487564825627783
1023,w1219929093,501.3837405549362,other,33138.81990165809,36820.91100184232,41423.52487707261,nr1,-96248.27507159268,-263306.05201864056,-167057.77694704788,0.3311847143494592
1024,w1242595698,177.05818741209805,other,9156.077890481276,10173.419878312528,11445.097363101595,nr1,-26592.881279272005,-75429.72143302615,-48836.84015375414,0.3311847143494592
1025,w1242595699,175.70056665593293,other,9159.768067274865,10177.52007474985,11449.71008409358,nr1,-26603.599016117983,-75224.10048153532,-48620.50146541734,0.3311847143494592
