,full_id,NFA,building_usage,yearly_demand_useful_renovated,yearly_demand_delivered_renovated,yearly_demand_delivered_renovated_DH,consumer_size_renovated,npv_Gas_25years_ir_0.05,npv_DH_25years_ir_0.05,savings_npv_25years_ir_0.05,operator_selling_price
0,w24853838,27974.42320393324,trade,1197392.8826751309,1330436.536305701,1496741.1033439136,nr2,-6218176.877519255,-5885125.6779963765,333051.19952287804,0.2883715556967394
1,w24853840,937.1926232803613,trade,88019.54120636193,97799.49022929103,110024.4265079524,nr2,-457093.97794019536,-456587.8897243149,506.0882158804452,0.2883715556967394
2,w24853841,8998.296452549099,trade,370411.49455784855,411568.3272864984,463014.36819731066,nr2,-1923582.6635958687,-1929469.264674193,-5886.601078324253,0.2883715556967394
3,w25538793,404.8852469230536,trade,30724.044681390333,34137.827423767034,38405.05585173791,nr1,-173321.45825138598,-184292.44546662434,-10970.987215238361,0.31325641075686406
4,w27689586,5481.69515059907,office,239232.2588022705,265813.6208914117,299040.3235028381,nr2,-1242356.2237296049,-1009667.6302577875,232688.59347181732,0.2883715556967394
5,w28994179,16672.165487814695,other,602602.7887910821,669558.6542123135,753253.4859888526,nr2,-3129374.4783398416,-2543254.545986219,586119.9323536227,0.2883715556967394
6,w28994181,2845.002712316811,trade,324149.90597616514,360166.56219573907,405187.3824702064,nr2,-1683341.7663948962,-1368058.2587557505,315283.5076391457,0.2883715556967394
7,w29249266,23411.247439788887,trade,2697249.5326306587,2996943.9251451762,3371561.915788323,nr2,-14007077.308855236,-11383605.026594665,2623472.2822605707,0.2883715556967394
8,w30213059,1747.46707642246,ab,186541.77691087977,207268.64101208863,233177.2211385997,r2,-1036589.6991768901,-936530.3069337272,100059.39224316285,0.2883715556967394
9,w50930444,8762.936898044496,other,330222.16830016905,366913.5203335212,412777.7103752113,nr2,-1714875.6110699999,-1752984.7668748763,-38109.15580487647,0.2883715556967394
10,w50930445,4934.112452852726,other,202146.16980193532,224606.85533548368,252682.71225241915,nr2,-1049764.5819751474,-1108793.2222105942,-59028.64023544686,0.2883715556967394
11,w50930458,1974.6456010334193,other,60554.61203303029,67282.90225892254,75693.26504128786,nr2,-314465.9483274201,-405590.2383923867,-91124.2900649666,0.2883715556967394
12,w50930471,4724.4749339554455,other,258143.60911438576,286826.2323493175,322679.5113929822,nr2,-1340564.6922572788,-1339900.2587963257,664.4334609531797,0.2883715556967394
13,w50930472,9715.957844087014,other,1058464.4972369291,1176071.663596588,1323080.6215461614,nr2,-5496708.354979781,-4467195.795365153,1029512.5596146286,0.2883715556967394
14,w50930478,6019.835157379508,trade,680901.6527717811,756557.3919686456,851127.0659647263,nr2,-3535988.04067626,-2873710.9352836586,662277.1053926013,0.2883715556967394
15,w50930479,4489.048651921749,other,185541.01142931575,206156.6793659064,231926.26428664467,nr2,-963532.3909089322,-976697.8253894724,-13165.434480540222,0.2883715556967394
16,w50930480,4441.97852948606,other,168700.98991545063,187445.54435050068,210876.23739431327,nr2,-876080.5328684051,-896987.8829388698,-20907.350070464658,0.2883715556967394
17,w50930481,1370.623297881335,other,62080.660377160784,68978.51153017864,77600.82547145098,nr2,-322390.86475606007,-350936.99397679936,-28546.129220739298,0.2883715556967394
18,w50930482,1573.369959426485,other,63379.87619939754,70422.08466599727,79224.84524924692,nr2,-329137.81799223676,-352974.4670562575,-23836.64906402072,0.2883715556967394
19,w50930483,704.9254127380437,other,45123.70064816985,50137.445164633165,56404.62581021231,nr1,-254553.25557370248,-262109.51966433655,-7556.2640906340675,0.31325641075686406
20,w50930486,509.32494937628496,trade,30466.044901173256,33851.16100130362,38082.55612646657,nr1,-171866.02168372448,-180113.1299924661,-8247.10830874162,0.31325641075686406
21,w98916060,2713.01504517002,other,226605.19701500298,251783.55223889218,283256.4962687537,nr2,-1176782.6724143703,-956375.7555929814,220406.916821389,0.2883715556967394
22,w98916062,151.14776481509907,trade,11092.043274505519,12324.492527228354,13865.054093131897,nr1,-62572.7873807329,-69450.08702507398,-6877.299644341081,0.31325641075686406
23,w98916065,222.67857759937178,other,20948.500685227787,23276.111872475318,26185.625856534734,nr1,-118175.34848017721,-123560.0046772686,-5384.65619709139,0.31325641075686406
24,w98916067,43210.64675020873,trade,3034378.024269405,3371531.1380771166,3792972.530336756,nr2,-15757818.12399816,-12806438.748724971,2951379.3752731886,0.2883715556967394
25,w98916074,4745.314506876469,trade,491122.8611791089,545692.0679767877,613903.5764738861,nr2,-2550448.4481169223,-2072759.1583791417,477689.2897377806,0.2883715556967394
26,w98916075,67.06430839556852,sfh,8538.96409194254,9487.737879936156,10673.705114928174,r1,-51546.697083744715,-56821.92216870894,-5275.225084964222,0.31326891012596453
27,w98916076,98.82164086105185,sfh,13728.213996145805,15253.571106828673,17160.267495182256,r1,-82872.3579043848,-85416.69872664506,-2544.3408222602593,0.31326891012596453
28,w98916079,3334.9361924076916,trade,133751.88480733606,148613.2053414845,167189.85600917006,nr2,-694586.4548447011,-758773.3093367005,-64186.85449199937,0.2883715556967394
29,w98916080,2976.303781049745,other,104082.21116258297,115646.90129175886,130102.76395322871,nr2,-540508.9742694292,-578433.9541598863,-37924.97989045712,0.2883715556967394
30,w98916086,294.4025758753764,other,20686.516731325537,22985.018590361706,25858.14591415692,nr1,-116697.43626517821,-131113.2398957436,-14415.803630565395,0.31325641075686406
31,w98916091,1116.7099465291947,trade,65522.69205707044,72802.99117452271,81903.36507133805,nr2,-340265.6676828034,-276535.2028551143,63730.46482768911,0.2883715556967394
32,w98916094,150.05011938810347,trade,13612.2294499376,15124.699388819556,17015.286812422,nr1,-76789.74180585924,-88512.09455487126,-11722.352749012018,0.31325641075686406
33,w98916098,15131.85493721813,trade,1389797.224493673,1544219.1383263033,1737246.5306170913,nr2,-7217351.205963108,-5865568.787498567,1351782.4184645405,0.2883715556967394
34,w98916102,1892.1415951219387,trade,73425.17962658805,81583.53291843117,91781.47453323506,nr2,-381304.04881120526,-431286.467593166,-49982.41878196073,0.2883715556967394
35,w98916109,81.43322088830173,sfh,9629.8057932929,10699.784214769888,12037.257241616126,r1,-58131.72146613816,-64330.10055831604,-6198.379092177878,0.31326891012596453
36,w98916113,559.2398283889517,trade,50271.6825643969,55857.425071552105,62839.60320549612,nr2,-261065.70252658916,-273690.7990823378,-12625.096555748663,0.2883715556967394
37,w98916116,6987.1012714248145,other,358101.17313169746,397890.1923685527,447626.4664146218,nr2,-1859653.9755649988,-1823186.0204125815,36467.9551524173,0.2883715556967394
38,w98916121,458.57296650111675,other,22475.134293848154,24972.371437609057,28093.917867310192,nr1,-126787.4425584652,-135387.7980654321,-8600.35550696691,0.31325641075686406
39,w98916126,1235.1179318586364,trade,54455.49615433791,60506.10683815323,68069.37019292239,nr2,-282792.6505494466,-307040.7907827408,-24248.140233294223,0.2883715556967394
40,w99055014,379.03616306802724,mfh,51250.231128429565,56944.70125381063,64062.788910536954,r2,-284791.2277234582,-273946.5201142722,10844.707609186007,0.2883715556967394
41,w99055018,363.825429549627,mfh,39011.950831555296,43346.61203506144,48764.93853944412,r1,-235501.30794643651,-222273.0925105119,13228.21543592462,0.31326891012596453
42,w99055022,32.828185592684896,sfh,3912.1656857345315,4346.850761927257,4890.207107168164,r0,-28979.022519726255,-31074.58780793533,-2095.5652882090762,0.3844042084951792
43,w99055023,57.57688737055287,sfh,7638.842228320924,8487.602475912137,9548.552785401154,r1,-46112.98070515716,-47602.03933029969,-1489.0586251425266,0.31326891012596453
44,w99055025,2922.078992408514,trade,131771.14343422168,146412.38159357963,164713.9292927771,nr2,-684300.2736047318,-697843.9518887972,-13543.678284065449,0.2883715556967394
45,w99055028,168.94065034445376,ab,18863.996140229203,20959.99571136578,23579.9951752865,r1,-113875.25282450473,-109898.9778412397,3976.2749832650297,0.31326891012596453
46,w99055030,502.22660109587014,other,33719.73290267432,37466.369891860355,42149.66612834289,nr1,-190220.82994426513,-202316.08311821465,-12095.253173949517,0.31325641075686406
47,w99055036,2513.4158389533286,other,94056.81089942587,104507.56766602874,117571.01362428232,nr2,-488446.10250342713,-526803.675207181,-38357.57270375389,0.2883715556967394
48,w99055038,337.97397138923407,other,24561.514626422148,27290.57180713572,30701.893283027683,nr1,-138557.19766260902,-151621.99384842778,-13064.796185818763,0.31325641075686406
49,w99055039,2475.299022556655,other,95255.37369289662,105839.30410321847,119069.21711612078,nr2,-494670.3548406918,-510094.4410169553,-15424.086176263518,0.2883715556967394
50,w99055040,101.95110847079195,trade,7536.8851086504455,8374.316787389384,9421.106385813056,nr1,-42517.31603865568,-51306.69541765548,-8789.379378999802,0.31325641075686406
51,w99055041,189.90211718752977,ab,21595.11692946048,23994.5743660672,26993.8961618256,r1,-130362.06018260855,-130507.33534715993,-145.2751645513781,0.31326891012596453
52,w99055043,190.2007592998445,sfh,29155.98911223378,32395.543458037533,36444.98639029222,r1,-176004.36338213691,-173703.86872959483,2300.494652542082,0.31326891012596453
53,w99055048,47.74609960326925,sfh,5769.180841789516,6410.2009353216845,7211.476052236895,r1,-34826.49816430083,-39644.91595934179,-4818.417795040965,0.31326891012596453
54,w99055050,194.95880112051967,trade,16984.909900636445,18872.122111818273,21231.137375795555,nr1,-95815.81405620766,-105820.40431477563,-10004.590258567972,0.31325641075686406
55,w99055053,122.33706042193808,ab,14174.508663259385,15749.454070288204,17718.13582907423,r1,-85566.48048975815,-91577.93920727436,-6011.458717516216,0.31326891012596453
56,w99055057,303.91877080444243,ab,36040.58788819037,40045.09765354486,45050.73486023796,r1,-217564.24392809463,-208675.33897274072,8888.904955353908,0.31326891012596453
57,w99055067,194.8848727118224,sfh,21931.666176569037,24368.517973965598,27414.582720711296,r1,-132393.68859885132,-130326.72453354197,2066.964065309352,0.31326891012596453
58,w99055068,348.37368724122643,ab,40200.04013772175,44666.71126413528,50250.05017215219,r1,-242673.3816211797,-250315.32277139378,-7641.9411502140865,0.31326891012596453
59,w99055094,263.70872883694244,other,16614.595860209945,18460.66206689994,20768.24482526243,nr1,-93726.78671090635,-107099.84660812105,-13373.059897214698,0.31325641075686406
60,w99055100,85.6876405166462,sfh,12089.433153049305,13432.703503388117,15111.79144131163,r1,-72979.61930094584,-75956.22622480319,-2976.6069238573546,0.31326891012596453
61,w99055110,94.65369866762775,sfh,12604.978915374657,14005.532128194063,15756.22364421832,r1,-76091.78618175864,-83372.66499670316,-7280.878814944517,0.31326891012596453
62,w99055113,801.3236896117684,education,39333.930829421224,43704.367588245805,49167.41353677653,nr1,-221891.8218877532,-235602.93071050238,-13711.108822749171,0.31325641075686406
63,w99055118,54.3237798044458,other,6219.479772060365,6910.533080067072,7774.349715075456,nr1,-35085.52714452437,-39743.05245236165,-4657.525307837277,0.31325641075686406
64,w99055131,500.74276516167447,th,69240.53713621371,76933.93015134857,86550.67142026713,r2,-384761.1443905355,-378446.4458122067,6314.698578328767,0.2883715556967394
65,w99055135,663.0715527065098,ab,68880.52212837798,76533.91347597554,86100.65266047248,r2,-382760.5852940609,-354943.63386006013,27816.951434000744,0.2883715556967394
66,w99055142,64.54166975589469,sfh,9032.758360397225,10036.398178219139,11290.947950496531,r1,-54527.55791225447,-56374.33993701042,-1846.7820247559503,0.31326891012596453
67,w99055146,149.08371188635937,sfh,17342.70904751041,19269.67671945601,21678.38630938801,r1,-104691.78231198885,-99875.36653459648,4816.415777392365,0.31326891012596453
68,w99055147,57.659734526090325,sfh,7330.462267285426,8144.958074761584,9163.077834106782,r1,-44251.4002760752,-48501.53153182788,-4250.1312557526835,0.31326891012596453
69,w99055152,1635.3717537612654,other,76892.01538215307,85435.57264683674,96115.01922769133,nr2,-399307.6616982714,-418519.0009437687,-19211.339245497307,0.2883715556967394
70,w99055158,567.1104306213557,trade,39120.40099323338,43467.11221470375,48900.50124154172,nr1,-220687.25058302932,-234936.2270605375,-14248.976477508171,0.31325641075686406
71,w99055160,362.3993257842958,ab,41269.65009818708,45855.16677576342,51587.06262273384,r1,-249130.23751566562,-245989.99437690584,3140.2431387597753,0.31326891012596453
72,w99055171,150.93386064656082,sfh,16885.70894548665,18761.8988283185,21107.136181858314,r1,-101933.03481374284,-100613.06166435586,1319.9731493869767,0.31326891012596453
73,w99055172,71.28885925472714,sfh,9019.499646113589,10021.666273459543,11274.374557641986,r1,-54447.51975756269,-59582.48946827306,-5134.969710710371,0.31326891012596453
74,w99055173,413.9677898917347,ab,46033.80958093352,51148.67731214836,57542.2619761669,r1,-277889.7782599006,-261947.63132891484,15942.146930985735,0.31326891012596453
75,w99055181,184.62117180265486,other,15209.502381678169,16899.44709075352,19011.87797709771,nr1,-85800.32868091435,-94942.36989366836,-9142.041212754018,0.31325641075686406
76,w99055182,84.81555104400032,sfh,9995.399856476368,11105.999840529297,12494.24982059546,r1,-60338.68313357463,-66857.86791842392,-6519.1847848492835,0.31326891012596453
77,w99055185,136.9722994968528,education,10840.570650859518,12045.07850095502,13550.713313574397,nr1,-61154.17201636238,-72336.43250617977,-11182.260489817389,0.31325641075686406
78,w99055186,41.49024544628337,sfh,5137.404922484948,5708.227691649942,6421.756153106185,r1,-31012.69105766051,-34601.0732851015,-3588.3822274409868,0.31326891012596453
79,w99055192,160.51305735595523,ab,18121.209085465063,20134.67676162785,22651.511356831328,r1,-109391.31087353868,-112973.72551912683,-3582.4146455881564,0.31326891012596453
80,w99055193,133.23216011486946,other,9055.86994602939,10062.077717810433,11319.837432536737,nr1,-51086.26162529351,-57945.197206010205,-6858.935580716694,0.31325641075686406
81,w99055199,594.2030242990702,ab,69499.33638341566,77221.48487046185,86874.17047926957,r2,-386199.25996039214,-359387.01126496465,26812.248695427494,0.2883715556967394
82,w99055201,119.5810925271362,sfh,16186.140935837673,17984.601039819638,20232.67616979709,r1,-97709.99090647532,-101463.27517933557,-3753.2842728602554,0.31326891012596453
83,w99055202,635.4450178422034,ab,74224.65462412336,82471.83847124818,92780.8182801542,r2,-412457.27194443357,-397820.7556388364,14636.51630559715,0.2883715556967394
84,w99055209,191.61494707558305,other,19092.937557201116,21214.375063556796,23866.171946501392,nr1,-107707.68673309333,-115902.48494367326,-8194.798210579931,0.31325641075686406
85,w99055216,463.1840371862054,education,30329.625776782435,33699.58419642493,37912.03222097804,nr1,-171096.4497794395,-179413.68262187287,-8317.232842433354,0.31325641075686406
86,w99055219,773.0541430711745,other,89363.99007406665,99293.3223045185,111704.9875925833,nr2,-464075.83074985223,-472423.1366186066,-8347.305868754338,0.2883715556967394
87,w99055224,318.955577952601,ab,39326.77401159415,43696.415568437944,49158.46751449268,r1,-237401.78380295372,-226548.39809884215,10853.38570411157,0.31326891012596453
88,w99055226,262.56915004737675,ab,28811.221455015977,32012.468283351085,36014.02681876997,r1,-173923.12333948963,-167127.25707545635,6795.866264033277,0.31326891012596453
89,w99055235,1694.7837025728077,trade,149404.7926523063,166005.3251692292,186755.99081538286,nr2,-775873.516957581,-770686.5351919081,5186.981765672914,0.2883715556967394
90,w99055245,424.4345906373113,ab,47895.25638616388,53216.95154018208,59869.07048270485,r1,-289126.6722875091,-274402.5613105276,14724.110976981465,0.31326891012596453
91,w99055249,70.42309986636974,sfh,9527.919340341607,10586.577044824007,11909.899175427008,r1,-57516.66909319597,-64461.74297582919,-6945.073882633224,0.31326891012596453
92,w99055257,137.79457132667304,trade,8302.741753787854,9225.268615319837,10378.427192234816,nr1,-46837.69090867175,-55649.9127535994,-8812.221844927648,0.31325641075686406
93,w99055287,226.3710821658373,mfh,29327.158711257514,32585.731901397237,36658.94838907189,r1,-177037.65353019457,-169786.844628748,7250.80890144658,0.31326891012596453
94,w99055292,58.725108856521544,trade,5742.2884325185605,6380.320480576178,7177.8605406482,nr1,-32393.58017946823,-39956.12508171096,-7562.544902242731,0.31325641075686406
95,w99055300,847.1402418442303,other,76273.07353797425,84747.85948663806,95341.34192246781,nr2,-396093.43692736473,-411139.36142305867,-15045.924495693936,0.2883715556967394
96,w99389931,488.4274571448564,mfh,51882.65252404952,57647.39169338835,64853.315655061895,r2,-288305.5155955626,-270922.2946237195,17383.220971843053,0.2883715556967394
97,w99389943,3490.8252122399163,ab,329651.0091598724,366278.89906652493,412063.7614498405,r2,-1831830.092310333,-1664749.5184486983,167080.5738616346,0.2883715556967394
98,w99389949,2474.179022271931,ab,284257.7582638273,315841.9536264748,355322.1978297841,r2,-1579585.383000672,-1497976.1757226435,81609.2072780286,0.2883715556967394
99,w99389956,671.7147096479312,education,46899.24791118664,52110.27545687404,58624.0598889833,nr1,-264569.5292776243,-215016.66314531764,49552.86613230663,0.31325641075686406
100,w99389960,693.6997662768932,ab,80098.50062143736,88998.33402381929,100123.12577679669,r2,-445097.5113385079,-425637.90389548294,19459.60744302493,0.2883715556967394
101,w99389971,1612.9015118613836,education,79005.85520261421,87784.28355846023,98757.31900326777,nr2,-410285.03602924704,-443742.0328758422,-33456.99684659514,0.2883715556967394
102,w99389974,235.12884147074072,education,10047.192716967635,11163.547463297371,12558.990896209543,nr1,-56678.54317671604,-67124.7502821076,-10446.207105391564,0.31325641075686406
103,w99389975,1082.0712234761565,mfh,111466.82540481444,123852.0282275716,139333.53175601806,r2,-619407.4320937839,-568128.0107384922,51279.42135529162,0.2883715556967394
104,w99389979,163.53384786918758,ab,21228.517390207166,23587.241544674627,26535.646737758954,r1,-128149.0288128242,-129597.39840797719,-1448.3695951529953,0.31326891012596453
105,w99389992,2569.363114476204,other,222880.7619206125,247645.2910229028,278600.9524007656,nr2,-1157441.3212832198,-940656.9659338065,216784.35534941335,0.2883715556967394
106,w99390006,431.6004564465955,education,13943.155864366083,15492.395404851202,17428.944830457604,nr1,-78656.57442237956,-102758.71563716201,-24102.141214782445,0.31325641075686406
107,w99390011,2554.974828636646,ab,247425.31787724234,274917.0198636026,309281.6473465529,r2,-1374912.0442315158,-1251369.5565880467,123542.48764346913,0.2883715556967394
108,w99390014,587.280543653667,trade,43622.5019390578,48469.44659895311,54528.12742382225,nr1,-246084.645659657,-258768.5865844982,-12683.940924841212,0.31325641075686406
109,w99390021,1617.1983746248297,other,56431.07453005592,62701.19392228436,70538.8431625699,nr2,-293052.01984532183,-322404.70270203653,-29352.682856714702,0.2883715556967394
110,w99390022,5590.431437242403,education,501507.8998853299,557230.9998725888,626884.8748566624,nr2,-2604378.957049708,-2116588.6881973254,487790.26885238243,0.2883715556967394
111,w99390025,237.89438336268066,education,22880.136119028128,25422.373465586807,28600.170148785157,nr1,-129072.15173860724,-104897.42884449616,24174.72289411108,0.31325641075686406
112,w99390027,116.0190749399364,mfh,12111.38188864718,13457.090987385754,15139.227360808974,r1,-73112.11603158584,-68572.38463230702,4539.731399278826,0.31326891012596453
113,w99390046,1095.085822885856,mfh,104637.32667388588,116263.69630431764,130796.65834235735,r2,-581456.7480579801,-528101.275851824,53355.47220615612,0.2883715556967394
114,w99390052,1678.6958267321402,education,80452.87476272321,89392.08306969245,100566.093453404,nr2,-417799.54835028714,-469572.32459224225,-51772.776241955115,0.2883715556967394
115,w99390065,2581.633286331594,education,86800.34062073754,96444.82291193059,108500.42577592192,nr2,-450762.55155518954,-492355.8255292447,-41593.27397405519,0.2883715556967394
116,w99390082,124.21957990797236,education,9140.033185312222,10155.592428124692,11425.041481640277,nr1,-51561.045968140665,-58126.28142127469,-6565.235453134024,0.31325641075686406
117,w99390107,332.09000708311794,education,26712.358260262183,29680.39806695798,33390.44782532773,nr1,-150690.60519256437,-122466.82822591369,28223.77696665068,0.31325641075686406
118,w99390110,1066.5973296171287,mfh,111016.92938734422,123352.1437637158,138771.16173418026,r2,-616907.4152871832,-573600.743957505,43306.67132967827,0.2883715556967394
119,w99390116,694.0162199864862,ab,76366.64546448652,84851.8282938739,95458.30683060814,r2,-424360.0514591397,-399398.2345311539,24961.816927985754,0.2883715556967394
120,w99390122,307.42072394330467,other,23978.9127918091,26643.236435343442,29973.640989761374,nr1,-135270.60565943347,-155491.418403497,-20220.81274406353,0.31325641075686406
121,w99390129,1196.3697846690193,trade,62972.859261591475,69969.84362399053,78716.07407698935,nr2,-327024.1397266954,-332020.1438971751,-4996.004170479719,0.2883715556967394
122,w99390130,964.417538562417,education,49512.76423577884,55014.18248419871,61890.95529472355,nr1,-279312.98070921574,-290670.86702600424,-11357.8863167885,0.31325641075686406
123,w99390133,9252.387912133521,education,680645.1328091653,756272.3697879614,850806.4160114565,nr2,-3534655.907737073,-2872628.3057751437,662027.6019619294,0.2883715556967394
124,w99390139,1249.1388426542283,ab,101272.3942615666,112524.88251285178,126590.49282695825,r2,-562758.2327184214,-538438.0192471774,24320.213471243973,0.2883715556967394
125,w99390141,112.67489476799965,other,7161.259483685899,7956.954981873221,8951.574354607374,nr1,-40398.32481368596,-49079.76357963708,-8681.43876595112,0.31325641075686406
126,w99758761,171.36210507287177,trade,18702.739494504167,20780.821660560185,23378.424368130207,nr1,-105506.48900880854,-117133.58306811798,-11627.094059309442,0.31325641075686406
127,w99758765,309.03573338240386,trade,17633.22369336,19592.4707704,22041.529616699998,nr1,-99473.10244790807,-108664.47214598075,-9191.369698072682,0.31325641075686406
128,w99758770,601.7205038767308,mfh,67803.20632134694,75336.89591260771,84754.00790168367,r2,-376774.07392474794,-357063.7341238087,19710.339800939255,0.2883715556967394
129,w99758771,976.6668764967471,mfh,93790.2658837786,104211.40653753177,117237.83235472324,r2,-521180.96604512545,-482149.2687158653,39031.69732926012,0.2883715556967394
130,w99758774,197.5460334163159,ab,21548.287941595398,23942.54215732822,26935.359926994246,r1,-130079.37019513131,-133570.3372419262,-3490.967046794889,0.31326891012596453
131,w99758775,265.071225726977,sfh,27414.764697100116,30460.849663444573,34268.45587137514,r1,-165493.20927546857,-164798.70243886358,694.5068366049964,0.31326891012596453
132,w99758777,337.6781565959565,ab,38785.81336494016,43095.34818326684,48482.26670617519,r1,-234136.1962812059,-231670.75505453217,2465.44122667372,0.31326891012596453
133,w99758783,333.3155570875853,th,46165.858494498185,51295.3983272202,57707.32311812273,r1,-278686.9107076383,-226479.16844762984,52207.74226000847,0.31326891012596453
134,w99758786,182.17889552428386,mfh,24975.758120688377,27750.84235632042,31219.69765086047,r1,-150769.7917946303,-141086.55552321975,9683.23627141054,0.31326891012596453
135,w99758788,349.08404515869915,other,29695.324703960447,32994.80522662272,37119.15587995056,nr1,-167518.21038902114,-175945.01097942537,-8426.800590404222,0.31325641075686406
136,w99758792,60.93018751584459,sfh,7098.129910688255,7886.811011875839,8872.662388360319,r1,-42848.89225761808,-48801.38068768752,-5952.488430069439,0.31326891012596453
137,w99758793,126.39461716674268,ab,14533.912444621437,16148.79160513493,18167.390555776794,r1,-87736.073621799,-89875.74044334411,-2139.6668215451064,0.31326891012596453
138,w99758796,906.0679207786917,ab,92578.39928517047,102864.88809463385,115722.99910646307,r2,-514446.77248432394,-468955.35180911835,45491.42067520559,0.2883715556967394
139,w99758800,420.9761067721993,ab,43617.35169245246,48463.724102724955,54521.68961556557,r1,-263302.4792091064,-248500.27534417337,14802.20386493305,0.31326891012596453
140,w99758801,293.7319820257835,mfh,30453.792851169546,33837.547612410606,38067.241063961934,r1,-183838.74416706123,-173893.29835231445,9945.445814746781,0.31326891012596453
141,w99758803,512.6721141899004,mfh,56071.10035591353,62301.2226176817,70088.8754448919,r2,-311580.20478287677,-291569.87523849955,20010.329544377222,0.2883715556967394
142,w99758805,165.76912949401884,sfh,21149.48042883679,23499.42269870754,26436.850536045986,r1,-127671.91071485459,-131568.63516868278,-3896.7244538281957,0.31326891012596453
143,w99758807,110.8734177275095,other,10633.353902934445,11814.837669927161,13291.692378668055,nr1,-59985.21430597871,-67188.38667515322,-7203.1723691745065,0.31325641075686406
144,w99758813,43.0509613757953,other,4335.785169212401,4817.539076902668,5419.731461515501,nr0,-29991.05609860522,-32855.36768145283,-2864.311582847611,0.38410505692804275
145,w99758814,84.92593946289271,th,9884.973779293656,10983.304199215172,12356.217224117068,r1,-59672.08007852083,-59473.48393710788,198.59614141294878,0.31326891012596453
146,w99758818,424.19755738042295,mfh,42981.25264898336,47756.94738775929,53726.5658112292,r1,-259462.5749354837,-245729.3072074942,13733.2677279895,0.31326891012596453
147,w99758821,35.03456762442365,sfh,4362.174934958981,4846.861038843312,5452.718668698726,r0,-32312.426371948823,-38313.32397011329,-6000.897598164469,0.3844042084951792
148,w99758824,478.7830200769007,ab,54415.092655594315,60461.21406177146,68018.86581949289,r2,-302377.9737741702,-310768.1314627002,-8390.157688529987,0.2883715556967394
149,w99758826,392.0728006519377,ab,50422.93344994148,56025.48161104609,63028.666812426854,r2,-280194.0363281848,-270857.9036197138,9336.132708471036,0.2883715556967394
152,w99758837,194.723237061128,mfh,27818.768765056746,30909.743072285273,34773.46095632093,r1,-167932.0385160332,-162532.7870113244,5399.251504708809,0.31326891012596453
153,w99758838,478.1149431033991,ab,49879.55482966044,55421.727588511596,62349.443537075545,r1,-301105.17807454953,-287850.07311988133,13255.104954668204,0.31326891012596453
154,w99758842,66.20839738831855,sfh,9098.77198804681,10109.746653385344,11373.464985058512,r1,-54926.058764490546,-55602.91353219081,-676.8547677002643,0.31326891012596453
155,w99758845,141.8255072105676,th,20597.68337727332,22886.31486363702,25747.104221591646,r1,-124340.90766080905,-131549.4622631047,-7208.554602295655,0.31326891012596453
156,w99758846,563.5821329504251,other,39110.73926488373,43456.37696098192,48888.424081104655,nr1,-220632.7465337039,-231789.13883970838,-11156.392306004476,0.31325641075686406
157,w99758847,385.25146163031457,sfh,48245.97195129891,53606.635501443234,60307.46493912364,r1,-291243.81774027296,-286129.60911323456,5114.2086270384025,0.31326891012596453
158,w99758850,177.17881421931088,ab,22322.486341848085,24802.762602053426,27903.107927310106,r1,-134752.931295851,-131559.22793317208,3193.7033626789344,0.31326891012596453
159,w99758852,422.9061155930161,other,27630.39919965029,30700.443555166985,34537.99899956286,nr1,-155869.48694460126,-167446.59189930678,-11577.104954705515,0.31325641075686406
160,w99758858,57.38898355839774,sfh,6590.511049374096,7322.7900548601065,8238.13881171762,r1,-39784.57726619575,-45120.958751849605,-5336.381485653852,0.31326891012596453
161,w99758862,402.33381934519855,sfh,47385.93913186298,52651.04347984775,59232.42391482872,r1,-286052.1047001193,-295371.803482895,-9319.698782775726,0.31326891012596453
162,w99758864,101.365438436158,other,10686.907379847416,11874.341533163795,13358.63422480927,nr1,-60287.32188358584,-67404.96811118313,-7117.646227597288,0.31325641075686406
163,w99758865,63.831228005420414,other,4034.3888558582253,4482.654284286917,5042.986069822781,nr0,-27906.267902477903,-32494.142759472918,-4587.874856995015,0.38410505692804275
164,w99758868,445.0926624152809,ab,49002.607042031916,54447.341157813236,61253.258802539895,r1,-295811.3553718868,-278681.9843242895,17129.37104759732,0.31326891012596453
165,w99758869,105.27734354436397,other,8736.207849217513,9706.897610241682,10920.259811521892,nr1,-49282.973635652976,-57268.19174437964,-7985.218108726665,0.31325641075686406
166,w99758874,732.9468768487684,ab,73910.07250364788,82122.30278183098,92387.59062955985,r2,-410709.17781222274,-389699.9579605433,21009.21985167946,0.2883715556967394
167,w99758876,118.68904608124866,sfh,12352.210694951837,13724.678549946484,15440.263368689795,r1,-74565.91410286946,-81097.13494015786,-6531.220837288405,0.31326891012596453
168,w99758878,556.4759241774678,other,50045.05270888446,55605.61412098273,62556.31588610557,nr2,-259888.79180021616,-272545.8719454484,-12657.080145232234,0.2883715556967394
169,w99758879,141.26093079326674,other,12063.985867794016,13404.42874199335,15079.982334742519,nr1,-68055.74085747458,-86721.07136064506,-18665.33050317048,0.31325641075686406
170,w99758882,536.390386541374,other,53874.88809445505,59860.98677161672,67343.6101180688,nr2,-279777.4968224602,-286502.5415731436,-6725.044750683417,0.2883715556967394
171,w99758886,70.57262436598539,sfh,9862.178496867567,10957.97610763063,12327.723121084458,r1,-59534.473044985614,-65352.86094906872,-5818.387904083109,0.31326891012596453
172,w99758887,84.85345135740936,sfh,11592.59887534742,12880.665417052687,14490.748594184273,r1,-69980.4070150333,-76674.62478573936,-6694.217770706062,0.31326891012596453
173,w99758888,71.82869699064176,other,5611.650315189278,6235.167016876976,7014.562893986597,nr1,-31656.620276124468,-36841.153416748406,-5184.533140623938,0.31325641075686406
174,w99758891,1365.0763243824242,trade,109673.71393623555,121859.68215137284,137092.14242029443,nr2,-569546.188170378,-613938.4473193239,-44392.259148945916,0.2883715556967394
175,w99758895,154.4283221337944,other,11343.022479982455,12603.358311091617,14178.778099978068,nr1,-63988.61925883147,-52003.7943518153,11984.824907016176,0.31325641075686406
176,w99758899,158.4874060918577,th,20589.83452385864,22877.59391539849,25737.2931548233,r1,-124293.5269170719,-123931.78706955815,361.7398475137452,0.31326891012596453
177,w99758900,82.77785695786588,sfh,10694.216001383687,11882.462223759652,13367.770001729608,r1,-64557.18830011566,-68950.16574759189,-4392.977447476231,0.31326891012596453
178,w99758903,400.34018093422054,trade,29613.781724427085,32904.20191603009,37017.22715553385,nr1,-167058.2075388285,-179989.70723972266,-12931.499700894172,0.31325641075686406
179,w99758905,110.54209396946244,sfh,14100.026680676654,15666.696311862948,17625.033350845817,r1,-85116.85918288188,-83523.925264204,1592.9339186778816,0.31326891012596453
180,w99758908,248.9345047255978,ab,27512.151103074764,30569.05678119418,34390.18887884345,r1,-166081.09646117373,-159935.827197872,6145.269263301743,0.31326891012596453
181,w99758913,208.22132023065353,ab,22300.78576510543,24778.65085011714,27875.982206381785,r1,-134621.93261218732,-137343.31285324311,-2721.3802410557983,0.31326891012596453
182,w99758915,71.10941483918579,ab,10013.713282288307,11126.348091431451,12517.141602860384,r1,-60449.234788638314,-61212.996902582505,-763.7621139441908,0.31326891012596453
183,w99758919,819.0798590054737,ab,94696.69321739217,105218.54801932463,118370.8665217402,r2,-526217.8711965388,-492122.04819798993,34095.82299854886,0.2883715556967394
184,w99758922,83.9358181065414,th,11677.410484752485,12974.900538613872,14596.763105940605,r1,-70492.3846146713,-69787.2371563355,705.1474583358067,0.31326891012596453
185,w99758926,36.12754547015065,sfh,4556.491211661925,5062.768012957695,5695.614014577406,r0,-33751.8070656289,-34159.791248294205,-407.98418266530643,0.3844042084951792
186,w99758928,119.38002583179623,sfh,17308.899478423707,19232.110531581897,21636.124348029633,r1,-104487.68593712663,-101971.2230041474,2516.462932979237,0.31326891012596453
187,w99758931,65.79372537583113,th,8611.439252918039,9568.265836575598,10764.299066147547,r1,-51984.20392048441,-57896.77367944786,-5912.569758963451,0.31326891012596453
188,w99758935,355.7203856162727,ab,44548.24205703894,49498.046730043265,55685.30257129867,r1,-268921.9341131028,-255777.9607497972,13143.973363305588,0.31326891012596453
189,w99758936,99.44306262517348,th,12820.809152675898,14245.343502973219,16026.011440844872,r1,-77394.67676004059,-86168.63396442303,-8773.957204382445,0.31326891012596453
190,w99758945,525.0721962768584,mfh,72696.76550898828,80774.18389887585,90870.95688623533,r2,-403966.9801478127,-328289.92761757725,75677.05253023544,0.2883715556967394
191,w99758951,355.6037514369003,ab,38846.362119594094,43162.62457732677,48557.95264949262,r1,-234501.70763379373,-219181.78532943124,15319.922304362495,0.31326891012596453
192,w99758953,525.4067761451006,other,30960.182478675506,34400.2027540839,38700.22809834438,nr1,-174653.56630545759,-192034.50258104742,-17380.936275589833,0.31325641075686406
193,w99758954,37.75478148937691,sfh,3643.787391156788,4048.6526568408754,4554.7342389459845,r0,-26991.0339560686,-30751.185018703367,-3760.1510626347663,0.3844042084951792
194,w99758959,30.14875982720405,sfh,3902.3905445980445,4335.989493997827,4877.988180747555,r0,-28906.61402328636,-30099.17312966722,-1192.559106380857,0.3844042084951792
195,w99758962,201.50926117040217,mfh,21723.95521923704,24137.72802137449,27154.944024046297,r1,-131139.81123348448,-106572.76770955528,24567.0435239292,0.31326891012596453
196,w99758966,155.61690238779408,th,21851.717362183943,24279.685957982158,27314.646702729926,r1,-131911.0659677055,-131709.02238405557,202.04358364993823,0.31326891012596453
197,w99758967,90.83302856497467,ab,10128.948163735615,11254.386848595128,12661.185204669518,r1,-61144.866889146935,-66712.78814879822,-5567.921259651288,0.31326891012596453
198,w99758970,391.2386861808598,th,48443.52710272418,53826.14122524909,60554.40887840523,r1,-292436.38810808386,-278206.16200391256,14230.226104171306,0.31326891012596453
199,w99758974,163.93810575278476,sfh,20363.139486646123,22625.710540717915,25453.924358307653,r1,-122925.04939593928,-117221.7212571257,5703.32813881358,0.31326891012596453
200,w99758975,139.83927450878545,sfh,19017.06701210734,21130.074457897044,23771.333765134175,r1,-114799.28737718453,-113150.05702430905,1649.2303528754856,0.31326891012596453
201,w99758979,705.2831632008775,trade,40567.1544633245,45074.61607036056,50708.94307915562,nr1,-228848.7222826955,-236364.0946537386,-7515.372371043108,0.31325641075686406
202,w99758981,319.7999828794971,other,27092.453379920906,30102.725977689894,33865.56672490113,nr1,-152834.8098731866,-124209.43152867038,28625.378344516226,0.31325641075686406
203,w99758984,336.42351993245535,ab,41356.19257743753,45951.325086041696,51695.24072179691,r1,-249652.6637625459,-237281.05675013686,12371.607012409047,0.31326891012596453
204,w99758985,1446.6540044941007,ab,159203.44292933436,176892.71436592707,199004.30366166795,r2,-884673.941392154,-805520.7204504999,79153.22094165406,0.2883715556967394
205,w99758989,963.3213891830295,education,66773.88157928629,74193.20175476254,83467.35197410785,nr2,-346763.2157048487,-386174.0845307565,-39410.86882590782,0.2883715556967394
206,w99758991,346.04414169639347,ab,38927.20383955835,43252.44871062039,48659.00479944794,r1,-234989.7204191687,-234107.86629758452,881.8541215841833,0.31326891012596453
207,w99758995,38.315451947040856,sfh,4605.429916486004,5117.144351651115,5756.787395607505,r0,-34114.316208417666,-36008.12271433145,-1893.806505913788,0.3844042084951792
208,w99758997,604.6954287230968,other,49421.63020499519,54912.92244999466,61777.03775624399,nr1,-278798.87251559895,-302178.8133495744,-23379.940833975445,0.31325641075686406
209,w99759000,505.76658869385716,other,34496.09632156219,38328.995912846876,43120.120401952736,nr1,-194600.47596060426,-158152.5472785369,36447.92868206737,0.31325641075686406
210,w99759001,277.86601877255595,other,21620.245901575137,24022.495446194596,27025.30737696892,nr1,-121964.81896422572,-132002.36283298122,-10037.5438687555,0.31325641075686406
211,w99759005,200.24946516156197,th,21517.100210125434,23907.889122361594,26896.37526265679,r1,-129891.10092388232,-126789.5748882682,3101.5260356141225,0.31326891012596453
212,w99759006,478.86383471041916,sfh,50992.01233528256,56657.79148364729,63740.0154191032,r2,-283356.3376653564,-267424.2130123773,15932.12465297908,0.2883715556967394
213,w99759010,347.4218390390277,ab,42845.86231337848,47606.513681531644,53557.32789172309,r1,-258645.27150823578,-245902.34189332655,12742.929614909226,0.31326891012596453
214,w99759011,1184.1155465334652,health,81096.3879180279,90107.09768669767,101370.48489753487,nr2,-421141.3743128361,-438765.95468542416,-17624.58037258807,0.2883715556967394
215,w99759013,1127.2734199425206,other,48346.56544700629,53718.406052229206,60433.20680875786,nr1,-272734.1830028223,-286595.8540416313,-13861.671038809,0.31325641075686406
216,w99759015,262.8249901607633,mfh,34217.03964154063,38018.932935045144,42771.29955192578,r1,-206556.1300543818,-167860.98942965068,38695.14062473111,0.31326891012596453
217,w99759016,162.4421672269469,other,8362.91554321064,9292.128381345156,10453.644429013299,nr1,-47177.145203814944,-61443.14355133088,-14265.998347515939,0.31325641075686406
218,w99759020,78.66829424034803,other,5363.4306045502435,5959.367338389159,6704.288255687804,nr1,-30256.355348090663,-37487.48891308744,-7231.1335649967805,0.31325641075686406
219,w99759023,45.55874986834824,th,6763.263251708072,7514.736946342302,8454.079064635089,r1,-40827.42102901961,-40416.18943108914,411.2315979304767,0.31326891012596453
220,w99759028,314.5253525768406,trade,33061.024403090545,36734.47155898949,41326.28050386318,nr1,-186504.90260154792,-198130.9918702174,-11626.089268669486,0.31325641075686406
221,w99759036,422.98085668310523,mfh,42631.70476229463,47368.56084699403,53289.63095286828,r1,-257352.47834327418,-239477.53297662002,17874.945366654167,0.31326891012596453
222,w99759038,116.55152825303375,ab,12476.366237759883,13862.629153066537,15595.457797199853,r1,-75315.39707146904,-79809.83932137483,-4494.442249905798,0.31326891012596453
224,w99759044,415.2007402397692,trade,30727.523085082063,34141.69231675785,38409.403856352576,nr1,-173341.08073294692,-187012.01236005267,-13670.931627105747,0.31325641075686406
225,w99759045,941.2816024620085,trade,46874.11717738663,52082.35241931848,58592.646471733286,nr1,-264427.7609826516,-277910.1697881756,-13482.408805523999,0.31325641075686406
226,w99759047,442.628270605579,mfh,44840.233894655554,49822.482105172836,56050.29236831944,r1,-270684.58525468013,-249084.18215387381,21600.403100806318,0.31326891012596453
227,w99759050,246.0824731603265,trade,22511.684368925235,25012.98263213915,28139.60546115654,nr1,-126993.63000472273,-140006.93783260963,-13013.307827886907,0.31325641075686406
228,w99759051,91.54405212756247,th,11301.573718027325,12557.30413114147,14126.967147534155,r1,-68223.59137948288,-68726.30023144186,-502.70885195897426,0.31326891012596453
229,w99759055,270.5142616614699,other,18027.259599334837,20030.288443705373,22534.074499168546,nr1,-101695.95033578172,-108637.06486263717,-6941.114526855454,0.31325641075686406
230,w99759057,194.30349186724052,th,26936.28423283178,29929.20470314642,33670.35529103972,r1,-162604.7924503641,-155580.67016783298,7024.122282531112,0.31326891012596453
231,w99759061,534.3112589053809,trade,25116.553078843055,27907.281198714503,31395.691348553817,nr1,-141688.2982373147,-155632.26684898557,-13943.968611670862,0.31325641075686406
232,w99759062,137.67195288166403,th,17570.109600664895,19522.344000738773,21962.637000831117,r1,-106064.51878258614,-107453.94424989333,-1389.4254673071991,0.31326891012596453
233,w99759063,182.5971095246263,sfh,23409.161696221272,26010.17966246808,29261.45212027659,r1,-141312.80491952645,-147142.61782229532,-5829.81290276887,0.31326891012596453
234,w99759067,347.13443305995315,other,14604.042087206286,16226.713430229207,18255.052609007857,nr1,-82384.78680680873,-91124.47354544062,-8739.686738631892,0.31325641075686406
235,w99759073,34.86947953915223,sfh,3369.323871661266,3743.69319073474,4211.654839576582,r0,-24957.969625151665,-30310.089085240797,-5352.119460089132,0.3844042084951792
236,w99759074,1179.944325777702,mfh,115106.04981104136,127895.61090115707,143882.5622638017,r2,-639630.1542901646,-589872.894143523,49757.26014664164,0.2883715556967394
237,w99759077,212.39228247441352,sfh,25996.152531155218,28884.613923505796,32495.19066394402,r1,-156929.55087265623,-151529.0273272186,5400.523545437638,0.31326891012596453
239,w99759083,341.51128259450195,trade,15755.53024255659,17506.144713951766,19694.412803195737,nr1,-88880.59841996516,-97938.86918939535,-9058.270769430193,0.31325641075686406
240,w99759085,319.12387123871594,other,16124.762320599133,17916.40257844348,20155.952900748915,nr1,-90963.5221646467,-104050.46219036078,-13086.94002571408,0.31325641075686406
241,w99759087,592.8829183824361,other,51137.99563470979,56819.99514967755,63922.494543387234,nr2,-265564.5499645974,-276459.0864486774,-10894.536484080018,0.2883715556967394
242,w99759088,334.1662621571682,ab,38269.47653436571,42521.64059373968,47836.84566795714,r1,-231019.25400199936,-219303.64937183345,11715.604630165908,0.31326891012596453
243,w99759091,80.87078364617192,sfh,11524.131641001168,12804.590712223518,14405.164551251459,r1,-69567.0946095697,-56534.76045389708,13032.334155672623,0.31326891012596453
244,w99759093,176.2003906674683,sfh,24764.95217261122,27516.61352512358,30956.190215764025,r1,-149497.23106806178,-149077.57264687243,419.6584211893496,0.31326891012596453
245,w99759094,339.69808716569094,other,37582.71276836215,41758.56974262461,46978.390960452685,nr1,-212012.79485187697,-220744.53760625812,-8731.74275438115,0.31325641075686406
246,w99759096,246.47077107857913,mfh,23598.463882924807,26220.515425472007,29498.079853656007,r1,-142455.5550669952,-134930.298006048,7525.257060947217,0.31326891012596453
247,w99759099,50.23060751573648,th,7134.781015914094,7927.53446212677,8918.476269892617,r1,-43070.141978136686,-49476.995119416184,-6406.853141279498,0.31326891012596453
248,w99759102,1460.464218017459,other,128159.99370613102,142399.99300681223,160199.99213266376,nr2,-665547.2243212699,-667698.3428407231,-2151.1185194532154,0.2883715556967394
249,w99759105,189.26809048298745,mfh,22334.256335775855,24815.840373084284,27917.820419719817,r1,-134823.98257386783,-128488.76388346484,6335.218690402995,0.31326891012596453
250,w99759110,35.61810292806477,th,4375.3120568172735,4861.457840908081,5469.140071021591,r0,-32409.738444278486,-38294.2321377694,-5884.4936934909165,0.3844042084951792
251,w99759111,238.72463138289748,th,34535.9950545772,38373.327838419114,43169.9938182215,r1,-208481.5507356248,-169425.71191228362,39055.83882334118,0.31326891012596453
252,w99759113,635.4707306571305,th,86670.32318175596,96300.35909083995,108337.90397719495,r2,-481616.320602875,-466316.19792382355,15300.122679051477,0.2883715556967394
253,w99759120,160.90588292758912,th,23237.39167444857,25819.324082720632,29046.73959306071,r1,-140275.89023232914,-113997.34164909292,26278.548583236217,0.31326891012596453
254,w99759121,33.129497365746644,ab,3818.7156608234063,4243.017400914896,4773.394576029257,r0,-28286.799696382306,-32239.846216104397,-3953.046519722091,0.3844042084951792
255,w99759126,310.54387535755524,ab,34300.81502744586,38112.016697162064,42876.01878430732,r1,-207061.8523403445,-196960.08071197817,10101.771628366347,0.31326891012596453
256,w99759127,85.13879598667843,other,8496.79167350324,9440.879637225822,10620.989591879048,nr1,-47932.37148889519,-53128.393095472835,-5196.021606577648,0.31325641075686406
257,w99759131,184.6887545518577,ab,20787.501022478882,23097.223358309868,25984.3762780986,r1,-125486.76944839915,-128675.15472315828,-3188.38527475913,0.31326891012596453
258,w99759132,153.35469039995223,ab,17695.00512599379,19661.116806659767,22118.756407492237,r1,-106818.46876316033,-105224.62072206585,1593.8480410944758,0.31326891012596453
259,w99759137,162.2998407471925,mfh,21055.671207008436,23395.19023000937,26319.589008760544,r1,-127105.61772085886,-141851.35251801097,-14745.734797152109,0.31326891012596453
260,w99759138,557.9003615580499,mfh,56330.74901759959,62589.721130666214,70413.43627199948,r2,-313023.040444496,-292869.1394386534,20153.90100584255,0.2883715556967394
261,w99759140,160.4533356629312,ab,17634.05521702537,19593.394685583742,22042.56902128171,r1,-106450.53578428275,-108669.27095354427,-2218.7351692615193,0.31326891012596453
262,w99759142,128.98004897348582,sfh,17650.096411774208,19611.218235304674,22062.620514717757,r1,-106547.370786477,-101758.23332662428,4789.137459852718,0.31326891012596453
263,w99759148,518.2482564277947,ab,59352.94618142581,65947.71797936202,74191.18272678225,r2,-329817.01818386617,-310030.5476835898,19786.470500276366,0.2883715556967394
264,w99759152,155.39786574579776,ab,16837.00273483737,18707.780816485967,21046.253418546712,r1,-101639.01269824938,-101067.32323518257,571.6894630668103,0.31326891012596453
265,w99759159,71.9146042395383,sfh,9767.034283888204,10852.260315431338,12208.792854860254,r1,-58960.1211829903,-65760.17930050453,-6800.058117514236,0.31326891012596453
266,w99759161,242.4930030848831,mfh,32388.127737790874,35986.808597545416,40485.15967223859,r1,-195515.63768547704,-187185.05827638926,8330.579409087775,0.31326891012596453
267,w99759162,714.1891373082996,mfh,77904.36715681193,86560.40795201325,97380.45894601491,r2,-432904.9816772479,-403367.062396266,29537.919280981936,0.2883715556967394
268,w99759164,595.7694656141102,mfh,71961.73720566227,79957.48578406918,89952.17150707783,r2,-399882.518315999,-324970.62741479283,74911.89090120618,0.2883715556967394
269,w99759165,160.50856082765387,mfh,22755.65774251579,25284.064158350877,28444.572178144736,r1,-137367.83337707995,-133037.7113673014,4330.122009778541,0.31326891012596453
270,w99759170,93.69908212199807,sfh,11619.451405943726,12910.501562159696,14524.314257429656,r1,-70142.50621649098,-76667.57102072018,-6525.064804229201,0.31326891012596453
271,w99759172,204.59550149962305,other,17169.669362300792,19077.410402556434,21462.08670287599,nr1,-96858.08500892507,-106014.88737980054,-9156.802370875463,0.31325641075686406
272,w99759176,41.50382452430203,sfh,4163.668093659857,4626.297881844285,5204.585117074821,r0,-30842.00444035647,-31297.77792251958,-455.7734821631093,0.3844042084951792
273,w99759177,360.73507672324774,ab,44758.280247853094,49731.42249761455,55947.850309816364,r1,-270189.86016143125,-255347.54363906287,14842.316522368375,0.31326891012596453
274,w99759180,347.1465133147314,education,19069.298725020304,21188.109694467003,23836.62340627538,nr1,-107574.33460099531,-114346.30617807696,-6771.971577081655,0.31325641075686406
275,w99759183,128.67689446713774,sfh,18376.72489710795,20418.583219008833,22970.906121384935,r1,-110933.76918593413,-114421.3585187041,-3487.589332769974,0.31326891012596453
276,w99759189,171.2441471248865,ab,18363.415474169808,20403.794971299787,22954.269342712258,r1,-110853.42492108364,-114101.0377986014,-3247.612877517764,0.31326891012596453
277,w99759190,369.99921465907244,other,20710.457907946584,23011.619897718425,25888.072384933228,nr1,-116832.49399235068,-126112.1284578871,-9279.634465536423,0.31325641075686406
278,w99759195,184.4751641433686,sfh,22818.050116989565,25353.389018877293,28522.562646236955,r1,-137744.47400850852,-132143.01771899228,5601.456289516238,0.31326891012596453
279,w155463247,886.8482149265707,mfh,90574.02742084471,100637.808245383,113217.53427605589,r2,-503308.7246845934,-461834.7284640316,41473.99622056179,0.2883715556967394
280,w155463249,403.549402025342,trade,23648.752708879776,26276.391898755304,29560.940886099717,nr1,-133408.09609654476,-147868.2198383129,-14460.123741768155,0.31325641075686406
281,w155463253,721.7602650925515,mfh,85711.09171490726,95234.54634989696,107138.86464363408,r2,-476285.9893809486,-387061.0734618093,89224.91591913928,0.2883715556967394
282,w155463254,852.2730644002556,mfh,87014.59305688317,96682.88117431464,108768.24132110395,r2,-483529.38593442406,-392947.5301454121,90581.85578901198,0.2883715556967394
283,w155463255,713.9319995328784,mfh,71073.4939418158,78970.54882423978,88841.86742726975,r2,-394946.65980261954,-320959.42671345064,73987.2330891689,0.2883715556967394
284,w155463260,725.1058137452229,mfh,66389.32398774149,73765.91554193498,82986.65498467686,r2,-368917.3037838491,-333033.49763523176,35883.806148617354,0.2883715556967394
285,w155463261,1003.1358517257496,mfh,96812.24176736335,107569.15751929261,121015.30220920418,r2,-537973.7141574238,-492514.5462312869,45459.16792613693,0.2883715556967394
286,w155463268,907.8277638942003,mfh,88048.47049851796,97831.63388724218,110060.58812314743,r2,-489274.5156525891,-445343.0715930344,43931.44405955472,0.2883715556967394
287,w155463269,646.430608794326,mfh,65800.13973759115,73111.26637510127,82250.17467198893,r2,-365643.2794085217,-342143.34535430453,23499.934054217185,0.2883715556967394
288,w155463275,531.2511221051216,mfh,56742.54191479465,63047.26879421628,70928.17739349332,r2,-315311.3229005516,-285786.6277096103,29524.695190941333,0.2883715556967394
289,w155463277,722.3371928531676,mfh,75825.75026506544,84250.83362785049,94782.18783133179,r2,-421354.3633964492,-389531.06757389597,31823.29582255322,0.2883715556967394
290,w155463281,852.691491766274,mfh,81167.2147222987,90185.79413588744,101459.01840287336,r2,-451036.22408512875,-417380.8568101937,33655.367274935066,0.2883715556967394
291,w155463286,75.58565192222595,sfh,11379.481362010443,12643.868180011603,14224.351702513053,r1,-68693.89218900327,-71957.77792750325,-3263.8857384999865,0.31326891012596453
292,w155463289,870.3151384696364,mfh,92029.85106537899,102255.39007264332,115037.31383172373,r2,-511398.5575291865,-468046.71589253,43351.84163665649,0.2883715556967394
293,w155463294,520.8021583877504,mfh,73954.39748668816,82171.55276298684,92442.9968583602,r2,-410955.48628851486,-333969.2437197167,76986.24256879819,0.2883715556967394
294,w155463296,531.2875348292291,mfh,59600.264491446156,66222.51610160685,74500.33061430769,r2,-331191.3355986048,-312639.7689892607,18551.566609344096,0.2883715556967394
295,w155463300,903.6974393147975,mfh,82377.16016846654,91530.17796496282,102971.45021058316,r2,-457759.7420382292,-421885.02078061673,35874.72125761246,0.2883715556967394
296,w155463302,619.062746527791,mfh,73694.19011571503,81882.43346190559,92117.73764464378,r2,-409509.54594814003,-376746.8918658643,32762.654082275752,0.2883715556967394
297,w155463304,1087.9011799693108,mfh,132782.97083749846,147536.6342638872,165978.71354687307,r2,-737858.6291799636,-599632.0686330892,138226.56054687442,0.2883715556967394
298,w155463308,740.3594694465398,mfh,74398.41232336155,82664.90258151284,92998.01540420194,r2,-413422.8220971431,-381932.33520295774,31490.486894185364,0.2883715556967394
299,w155463310,722.3160033598542,mfh,78437.63363840502,87152.92626489447,98047.04204800627,r2,-435868.2778937293,-354215.0037811827,81653.27411254658,0.2883715556967394
300,w155463313,774.0583199881017,mfh,75098.58684319264,83442.87427021404,93873.2335539908,r2,-417313.6057430486,-382472.12605117203,34841.479691876564,0.2883715556967394
301,w155463314,1101.9502923069522,mfh,104359.84119134728,115955.37910149698,130449.8014891841,r2,-579914.7953778142,-529343.488770328,50571.306607486214,0.2883715556967394
302,w155463317,740.3064833164215,mfh,74649.75970721088,82944.17745245653,93312.1996340136,r2,-414819.52857934695,-381244.7493306733,33574.77924867364,0.2883715556967394
303,w155463319,828.4481069911271,mfh,78474.43739685023,87193.8193298336,98093.04674606278,r2,-436072.7918504796,-394302.9446168761,41769.847233603534,0.2883715556967394
304,w155463321,781.2118542082608,mfh,75955.85291213829,84395.3921245981,94944.81614017286,r2,-422077.3277962994,-385741.9578290633,36335.369967236125,0.2883715556967394
305,w155463324,722.1055689860135,mfh,76230.77521241456,84700.86134712728,95288.4690155182,r2,-423605.0371880488,-389759.14710472716,33845.89008332166,0.2883715556967394
306,w155463327,780.4636536210775,mfh,78934.78481367027,87705.31645963363,98668.48101708783,r2,-438630.885797158,-407515.26993551274,31115.61586164526,0.2883715556967394
307,w155463330,867.026127423346,mfh,92798.36038612344,103109.28931791494,115997.9504826543,r2,-515669.06925474876,-419066.33398185554,96602.73527289322,0.2883715556967394
308,w155463331,701.7002469789237,mfh,75620.8436945795,84023.15966064388,94526.05461822437,r2,-420215.7227992768,-390346.22741772723,29869.495381549583,0.2883715556967394
309,w155463336,356.26551316827533,mfh,37646.38639526564,41829.31821696182,47057.98299408205,r1,-227257.87986923236,-204973.70410328702,22284.175765945343,0.31326891012596453
310,w155463337,437.0872274041176,trade,16347.364508861188,18163.7383431791,20434.205636076484,nr1,-92219.27271050165,-99379.74365372681,-7160.470943225155,0.31325641075686406
311,w155463339,868.4495440013707,mfh,96284.55889755068,106982.84321950076,120355.69862193835,r2,-535041.4453845083,-434809.59090620186,100231.85447830649,0.2883715556967394
312,w155463342,722.9579402044416,mfh,72192.16091602764,80213.5121289196,90240.20114503455,r2,-401162.9545194397,-373661.70504349656,27501.249475943157,0.2883715556967394
313,w155463343,844.8904670208692,mfh,87271.28425516972,96968.09361685524,109089.10531896215,r2,-484955.7873358664,-450103.6000861442,34852.18724972225,0.2883715556967394
314,w155463347,1083.6851687338203,mfh,101563.78341079073,112848.64823421191,126954.7292634884,r2,-564377.4463634269,-506815.6500072319,57561.796356194944,0.2883715556967394
315,w155463348,740.608741542697,mfh,73742.38733091138,81935.98592323487,92177.98416363922,r2,-409777.3719420213,-374323.3384258824,35454.03351613891,0.2883715556967394
316,w155463352,356.4181080274284,mfh,38492.77211566138,42769.74679517931,48115.965144576716,r1,-232367.21021369583,-188836.75738507163,43530.4528286242,0.31326891012596453
317,w155463353,722.1394314199686,mfh,96023.96050529758,106693.28945033065,120029.95063162198,r2,-533593.3321869983,-433632.7596299953,99960.57255700306,0.2883715556967394
318,w155463354,696.3946817303076,mfh,75225.69127239037,83584.10141376707,94032.11409048796,r2,-418019.909415116,-393556.5083711888,24463.40104392724,0.2883715556967394
319,w155463358,865.4375973489136,mfh,87470.73329689098,97189.70366321219,109338.41662111372,r2,-486064.101117276,-444350.9857688026,41713.115348473424,0.2883715556967394
320,w155463359,1101.9756921548396,mfh,103923.56216152417,115470.62462391573,129904.4527019052,r2,-577490.4464959141,-526539.9362331834,50950.510262730764,0.2883715556967394
321,w155463364,740.593882034719,mfh,74624.72489312779,82916.3609923642,93280.90611640972,r2,-414680.4131981756,-381383.08026525297,33297.33293292264,0.2883715556967394
322,w155463365,603.6562003400177,mfh,57345.292217422895,63716.9913526921,71681.61527177862,r2,-318660.7321601122,-290167.72294165054,28493.009218461637,0.2883715556967394
323,w155463369,722.4004129424691,mfh,76517.50006263371,85019.44451403746,95646.87507829214,r2,-425198.3318974544,-391569.536076513,33628.79582094139,0.2883715556967394
324,w155463370,696.1379145577084,mfh,67777.64861111336,75308.49845679261,84722.06076389168,r2,-376632.0528740138,-341985.5315128448,34646.521361169,0.2883715556967394
325,w155463373,865.3327697202564,mfh,87284.13642326384,96982.3738036265,109105.1705290798,r2,-485027.205252427,-443495.55933136935,41531.64592105767,0.2883715556967394
326,w155463376,746.0008564919234,mfh,78349.89022816702,87055.43358685223,97937.36278520877,r2,-435380.6985604047,-406702.33863746247,28678.35992294224,0.2883715556967394
327,w155463378,701.7079005709849,mfh,75289.53058162499,83655.03397958331,94111.91322703123,r2,-418374.6566007118,-386018.530755121,32356.12584559078,0.2883715556967394
328,w155463380,903.4881653226912,mfh,80794.44802773364,89771.60891970404,100993.06003466704,r2,-448964.8054346729,-411850.6005732878,37114.20486138511,0.2883715556967394
329,w155463382,654.6620004437864,mfh,67195.36451178146,74661.51612420162,83994.20563972682,r2,-373396.37178767833,-342250.703036791,31145.66875088733,0.2883715556967394
330,w155463388,654.8312545590103,mfh,81045.45395849762,90050.50439833068,101306.81744812202,r2,-450359.6145040994,-365991.60949573806,84368.00500836136,0.2883715556967394
331,w155463390,658.415929133445,mfh,67307.170216775,74785.74468530556,84133.96277096875,r2,-374017.66233194555,-341174.29766574077,32843.36466620478,0.2883715556967394
332,w155463392,746.3197361536323,mfh,74500.89326832342,82778.77029813713,93126.11658540426,r2,-413992.2960973834,-381701.6028743538,32290.693223029608,0.2883715556967394
333,w155463395,740.6091377854347,mfh,81203.21252281987,90225.79169202207,101504.01565352484,r2,-451236.25943287334,-366704.02836746915,84532.2310654042,0.2883715556967394
334,w155463397,721.9107812985777,mfh,69115.7372055503,76795.26356172255,86394.67150693786,r2,-384067.64653324056,-350289.0206005344,33778.62593270617,0.2883715556967394
335,w155463400,957.7393607803388,mfh,132263.3739372203,146959.30437468924,165329.2174215254,r2,-734971.293144723,-597285.6309671445,137685.66217757855,0.2883715556967394
336,w155463402,519.368776667118,mfh,57328.60677905928,63698.45197673253,71660.7584738241,r2,-318568.01323237177,-298875.36944963,19692.643782741798,0.2883715556967394
337,w155463405,658.592996231094,mfh,66453.3492473543,73837.05471928256,83066.68655919287,r2,-369273.0842728143,-337086.75269867975,32186.33157413453,0.2883715556967394
338,w155463406,932.8967588515952,mfh,87329.94975847227,97033.27750941363,109162.43719809034,r2,-485281.7843185665,-449715.16528501775,35566.61903354875,0.2883715556967394
339,w155463408,740.3845857441426,mfh,81123.65596148898,90137.39551276554,101404.56995186122,r2,-450794.17341148347,-366344.7604196043,84449.41299187916,0.2883715556967394
340,w155463411,886.3585438661277,mfh,86630.34371086476,96255.9374565164,108287.92963858094,r2,-481394.15960285324,-439672.2765620236,41721.88304082962,0.2883715556967394
341,w155463413,436.59599217027426,trade,16616.663351011164,18462.959278901293,20770.829188763953,nr1,-93738.4499057853,-101121.14191721339,-7382.692011428095,0.31325641075686406
342,w155463416,722.4005093876273,mfh,71360.79474582999,79289.7719398111,89200.99343228748,r2,-396543.15501638927,-369351.29068935255,27191.864327036717,0.2883715556967394
343,w155463417,828.3400002270937,mfh,74807.01169807202,83118.90188674668,93508.76462259002,r2,-415693.3585417344,-380330.90537129354,35362.45317044086,0.2883715556967394
344,w155463421,509.4774500131606,mfh,62634.51134401355,69593.90149334838,78293.13918001692,r2,-348052.2719755212,-282849.98722462,65202.28475090116,0.2883715556967394
345,w155463422,674.0859733853489,mfh,66828.4486191273,74253.83179903033,83535.56077390912,r2,-371357.4653234642,-340010.01562623546,31347.44969722873,0.2883715556967394
346,w155463424,701.7858467099256,mfh,75354.80212003247,83727.55791114719,94193.50265004058,r2,-418737.3625075766,-388429.5719541946,30307.790553382016,0.2883715556967394
347,w155463427,540.3469697440042,mfh,55711.525451732596,61901.69494636955,69639.40681466574,r2,-309582.0912882543,-287687.82353637513,21894.267751879175,0.2883715556967394
348,w155463430,521.3457492198795,mfh,65819.9805171453,73133.31168571701,82274.97564643163,r2,-365753.53217897384,-297235.1863040227,68518.34587495116,0.2883715556967394
349,w155463434,634.5610695700626,mfh,64418.57211226843,71576.19123585381,80523.21514033554,r2,-357966.0781250259,-327394.1051743153,30571.972950710624,0.2883715556967394
350,w155463435,740.6094772338867,mfh,73569.89609015193,81744.3289890577,91962.37011268991,r2,-408818.85934323276,-375274.9694863972,33543.889856835536,0.2883715556967394
351,w155463436,830.3215000247583,mfh,74986.73881598086,83318.59868442318,93733.42351997607,r2,-416692.08001942287,-376737.08656874136,39954.993450681504,0.2883715556967394
352,w155463437,634.6341266736388,mfh,64166.464939277284,71296.07215475253,80208.0811740966,r2,-356565.14958805754,-326996.0113884744,29569.13819958316,0.2883715556967394
353,w155463439,740.3900625675916,mfh,77902.86750022264,86558.74166691404,97378.5843752783,r2,-432896.6482701232,-403383.27864654444,29513.369623578736,0.2883715556967394
354,w155463441,304.4361848443746,mfh,36817.49098632539,40908.32331813932,46021.863732906735,r1,-222254.1323304568,-180618.21040119528,41635.92192926153,0.31326891012596453
355,w155463442,681.7836883433163,mfh,68711.68346108304,76346.31495675893,85889.6043263538,r2,-381822.3695965427,-353164.45063571323,28657.91896082944,0.2883715556967394
356,w155463445,701.5969566701912,mfh,73907.62346345419,82119.58162606022,92384.52932931774,r2,-410695.56879723584,-380075.21857459674,30620.3502226391,0.2883715556967394
357,w155463446,527.3302180506289,mfh,52013.41474555332,57792.683050614796,65016.768431941644,r2,-289032.14516936085,-266797.1689670901,22234.976202270773,0.2883715556967394
358,w155463447,540.1562461696565,mfh,59085.19228162839,65650.21364625376,73856.49035203549,r2,-328329.14271146164,-308465.0990687964,19864.04364266526,0.2883715556967394
359,w155463448,488.2503870327026,mfh,51268.34796637681,56964.83107375201,64085.43495797101,r2,-284891.9007625423,-266618.97290666157,18272.927855880756,0.2883715556967394
360,w155463452,416.2699146196246,mfh,40700.76121869014,45223.06802076682,50875.95152336267,r1,-245696.05715959513,-199668.64814380143,46027.4090157937,0.31326891012596453
361,w155463453,826.68092449978,mfh,83117.14823153104,92352.38692392338,103896.4352894138,r2,-461871.76464458084,-422846.33026561706,39025.43437896378,0.2883715556967394
362,w155463454,830.106713430956,mfh,73765.5043705863,81961.67152287367,92206.88046323288,r2,-409905.83048680046,-372719.6998686804,37186.13061812008,0.2883715556967394
363,w155463458,653.3753796381876,mfh,58960.56636749198,65511.74040832442,73700.70795936497,r2,-327636.6118425934,-297807.36288421566,29829.24895837775,0.2883715556967394
364,w155463459,716.456727950275,mfh,75283.97896378927,83648.8655153214,94104.97370473658,r2,-418343.8069435596,-386819.9369875484,31523.869956011185,0.2883715556967394
365,w155463463,389.00259175430983,mfh,37000.96483362116,41112.18314846796,46251.206042026446,r1,-223361.69886048455,-181518.29123414212,41843.407626342436,0.31326891012596453
366,w155463464,681.5525098629297,mfh,69179.35495120153,76865.94994577947,86474.19368900191,r2,-384421.1625172682,-354008.78401767643,30412.37849959178,0.2883715556967394
367,w155463468,854.9059582386632,mfh,81699.0096870192,90776.67743002134,102123.762108774,r2,-453991.3432634283,-413231.70090247586,40759.64236095245,0.2883715556967394
368,w155463469,716.6904537379742,mfh,100679.18201464991,111865.75779405545,125848.97751831239,r2,-559461.8252607335,-454655.18506596755,104806.64019476593,0.2883715556967394
369,w155463470,608.2978411447257,mfh,64367.74654988399,71519.71838875998,80459.68318735498,r2,-357683.64672925463,-290677.0708134916,67006.57591576304,0.2883715556967394
370,w155463473,376.1376306014136,mfh,43550.29606288637,48389.217847651526,54437.870078607964,r1,-262897.6881609435,-213647.81593189787,49249.872229045635,0.31326891012596453
371,w155463474,720.4433401308954,mfh,67276.75041664802,74751.94490738669,84095.93802081002,r2,-373848.623245984,-348025.25501225586,25823.368233728164,0.2883715556967394
372,w155463478,851.8925360153429,mfh,87684.85616685112,97427.61796316791,109606.0702085639,r2,-487253.95555650396,-395974.3584549729,91279.59710153105,0.2883715556967394
373,w155463479,376.5337288361043,mfh,37121.41584101446,41246.017601127176,46401.76980126807,r1,-224088.81886294397,-206465.4716075374,17623.34725540658,0.31326891012596453
374,w155463480,664.0854127705097,mfh,73172.86575571459,81303.18417301621,91466.08219464324,r2,-406612.61063179735,-330439.93958086293,76172.67105093441,0.2883715556967394
375,w155463484,531.1159037780716,mfh,68085.21955592721,75650.24395103024,85106.52444490901,r2,-378341.1867658415,-307464.7357877103,70876.45097813121,0.2883715556967394
376,w155463485,716.6882258921862,mfh,74226.11389675422,82473.45988528247,92782.64237094278,r2,-412465.38094287086,-377721.42547091015,34743.95547196071,0.2883715556967394
377,w155463490,790.5601109853014,mfh,73479.01625668757,81643.35139631951,91848.77032085945,r2,-408313.8512919956,-375331.14284735237,32982.70844464324,0.2883715556967394
378,w155463491,681.5525530032813,mfh,68426.0537270324,76028.94858559156,85532.5671587905,r2,-380235.1603129249,-348996.2676503887,31238.89266253618,0.2883715556967394
379,w155463494,531.001435648324,mfh,56124.10929184654,62360.12143538504,70155.13661480817,r2,-311874.7689167797,-285064.3578362449,26810.411080534803,0.2883715556967394
380,w155463495,716.4590312853455,mfh,79038.97749810597,87821.08610900663,98798.72187263246,r2,-439209.8717230143,-411760.01255533734,27449.859167676943,0.2883715556967394
381,w155463496,611.941689690575,mfh,60485.334200613484,67205.92688957053,75606.66775076685,r2,-336109.55905915785,-310289.1469315793,25820.412127578573,0.2883715556967394
382,w155463500,1108.025532820262,mfh,100906.99247980208,112118.88053311342,126133.7405997526,r2,-560727.7399821003,-512936.8431898368,47790.89679226349,0.2883715556967394
383,w155463502,540.1563036605716,mfh,59609.47184418452,66232.74649353835,74511.83980523064,r2,-331242.49972475035,-308937.7225456606,22304.777179089724,0.2883715556967394
384,w155463507,1267.198863344267,mfh,124829.28501538603,138699.20557265115,156036.60626923252,r2,-693660.9758166104,-638540.6333266975,55120.34248991287,0.2883715556967394
385,w155463508,530.6506136165466,mfh,59404.70237854505,66005.22486505006,74255.87797318131,r2,-330104.6210023383,-307250.5695371706,22854.051465167722,0.2883715556967394
386,w155463511,1747.3368958860635,mfh,164794.07162005454,183104.52402228283,205992.58952506818,r2,-915740.3770651236,-831925.4398126277,83814.9372524959,0.2883715556967394
387,w155463513,612.2091895099729,mfh,81863.33408033723,90959.26008926358,102329.16760042153,r2,-454904.4736959657,-369685.0586350314,85219.41506093432,0.2883715556967394
388,w155463514,830.106801855378,mfh,74653.97590525495,82948.86211694994,93317.46988156869,r2,-414842.9574730487,-377179.04991331475,37663.907559733954,0.2883715556967394
389,w155463518,691.345141955465,mfh,72173.4858662746,80192.76207363844,90216.85733284324,r2,-401059.1795660422,-366881.1864391165,34177.99312692572,0.2883715556967394
390,w155463519,507.32179623667616,mfh,55562.18913504426,61735.76570560473,69452.73641880532,r2,-308752.2477531726,-284997.9691824623,23754.278570710274,0.2883715556967394
391,w155463522,1139.1653657640795,mfh,129564.6746402093,143960.74960023255,161955.84330026162,r2,-719974.953242836,-585098.6266255579,134876.32661727816,0.2883715556967394
392,w155463523,446.09937440417707,mfh,52022.345619720814,57802.60624413424,65027.93202465102,r2,-289081.7729381105,-234926.7117789876,54155.06115912291,0.2883715556967394
393,w155463528,681.6119319483638,mfh,68495.57242516302,76106.19158351446,85619.46553145377,r2,-380621.4671637319,-349517.3285050043,31104.138658727636,0.2883715556967394
394,w155463529,691.3949336603283,mfh,83645.16797269836,92939.0755252204,104556.45996587294,r2,-464805.9053701598,-377731.60809915385,87074.29727100593,0.2883715556967394
395,w155463531,507.3216828555101,mfh,54061.208972385146,60068.00996931683,67576.51121548143,r2,-300411.48569414805,-276993.66161840287,23417.824075745186,0.2883715556967394
396,w155463534,640.8467616457492,mfh,62761.80582241785,69735.3398026865,78452.25727802231,r2,-348759.6317276428,-316205.1111344616,32554.520593181194,0.2883715556967394
397,w155463535,684.7868416263722,mfh,63983.21967634138,71092.46630704598,79979.02459542672,r2,-355546.87821138324,-328918.8616930021,26628.016518381133,0.2883715556967394
398,w155463536,691.6131192699074,mfh,70337.30683773482,78152.56315303869,87921.63354716853,r2,-390855.75865760783,-355795.8496798912,35059.90897771664,0.2883715556967394
399,w155463537,507.3215693686623,mfh,56345.158000452444,62605.73111161382,70431.44750056555,r2,-313103.10938909504,-295239.72493086464,17863.3844582304,0.2883715556967394
400,w155463538,643.413233704865,mfh,67471.69315381986,74968.54794868872,84339.61644227481,r2,-374931.89604754106,-304694.1236878584,70237.77235968265,0.2883715556967394
401,w155463539,710.019569536671,mfh,70101.74839593095,77890.83155103438,87627.18549491368,r2,-389546.78938342375,-353386.69987076375,36160.08951265999,0.2883715556967394
402,w155463540,840.6794232809916,mfh,76273.68228195352,84748.53586883724,95342.1028524419,r2,-423843.4664934972,-389598.89673485653,34244.56975864066,0.2883715556967394
403,w155463541,696.2558067506179,mfh,69091.86352939304,76768.73725488115,86364.8294117413,r2,-383934.9834526379,-352785.5748236854,31149.408628952515,0.2883715556967394
404,w155463542,640.557884996757,mfh,65685.4859572708,72983.87328585643,82106.85744658849,r2,-365006.16246013675,-296627.82490331907,68378.33755681769,0.2883715556967394
405,w155463543,587.0278481058776,mfh,64620.647257978446,71800.7191755316,80775.80907247306,r2,-359088.9848431426,-334910.6358581483,24178.348984994343,0.2883715556967394
406,w155463544,825.5248426020145,mfh,98226.61890138821,109140.68766820912,122783.27362673526,r2,-545833.233843365,-443579.7023908729,102253.53145249211,0.2883715556967394
407,w155463545,709.4769112125038,mfh,68799.48875180824,76443.87639089805,85999.3609397603,r2,-382310.29279211984,-353019.8963484062,29290.39644371363,0.2883715556967394
408,w155463546,647.0489746004342,mfh,65167.88665066121,72408.76294517911,81459.8583133265,r2,-362129.9268070963,-328816.38337584306,33313.54343125323,0.2883715556967394
409,w155463547,586.4484846569597,mfh,65038.9578364076,72265.50870711956,81298.6972955095,r2,-361413.48525177536,-293708.1809753555,67705.30427641986,0.2883715556967394
410,w155463548,500.40091222245246,mfh,58521.66054916764,65024.06727685293,73152.07568645955,r2,-325197.6662202347,-264276.84328501904,60920.82293521566,0.2883715556967394
411,w155463549,672.5395986035466,mfh,71071.92574614852,78968.80638460947,88839.90718268565,r2,-394937.94553227257,-364767.936450706,30170.00908156659,0.2883715556967394
412,w155463551,586.1050742082298,mfh,58460.95059670617,64956.61177411796,73076.1882458827,r2,-324860.30848514056,-294873.3473113104,29986.961173830146,0.2883715556967394
413,w155463552,667.035758360289,mfh,68669.64406031062,76299.60451145624,85837.05507538827,r2,-381588.7618196581,-354168.36318531807,27420.398634340032,0.2883715556967394
414,w155463553,817.6307530952618,mfh,76749.54752122253,85277.27502358059,95936.93440152815,r2,-426487.7910699606,-394210.78387808683,32277.007191873796,0.2883715556967394
415,w155463556,732.9133296664804,mfh,64357.9958795773,71508.88431064144,80447.49484947162,r2,-357629.4634542406,-324706.97947066627,32922.48398357432,0.2883715556967394
416,w155463558,710.1379440590739,mfh,77163.4124884325,85737.12498714722,96454.26561054062,r2,-428787.5877641081,-390910.68783313414,37876.899930973945,0.2883715556967394
417,w155463561,654.0662793286144,mfh,66767.48224207119,74186.09138007909,83459.35280258898,r2,-371018.68266845227,-301513.99115201813,69504.69151643413,0.2883715556967394
418,w155463562,586.3292756803334,mfh,59654.3554106497,66282.61712294411,74567.94426331212,r2,-331491.91218039754,-306871.12253089325,24620.789649504295,0.2883715556967394
419,w155463566,653.8032613813876,mfh,66481.29901255308,73868.11001394787,83101.62376569134,r2,-369428.39767863275,-339429.8336380631,29998.564040569647,0.2883715556967394
420,w155463567,133.41999841853976,sfh,16572.97361038044,18414.415122644932,20716.217012975547,r1,-100045.16253643522,-107872.739353654,-7827.576817218782,0.31326891012596453
421,w155463569,886.7166110530495,mfh,90690.7250070177,100767.47223001966,113363.40625877211,r2,-503957.19881059846,-456280.2060874051,47676.99272319337,0.2883715556967394
422,w155463572,311.3570919752121,mfh,35890.06917924034,39877.854643600374,44862.58647405042,r1,-216655.61587764937,-176068.4906186886,40587.12525896076,0.31326891012596453
423,w155463574,863.4385226266459,mfh,80266.77887142508,89185.30985713897,100333.47358928135,r2,-446032.6128660124,-409534.7762558688,36497.8366101436,0.2883715556967394
424,w155463577,931.9227139726281,mfh,104741.59050899002,116379.54500998891,130926.98813623752,r2,-582036.1293593454,-473000.53758918337,109035.59177016205,0.2883715556967394
425,w155463578,931.2066993936896,mfh,95901.79540846782,106557.55045385312,119877.24426058478,r2,-532914.4757770844,-488461.5920103331,44452.88376675127,0.2883715556967394
426,w155463581,136.57608463019133,sfh,20238.058157433414,22486.731286037128,25297.572696791765,r1,-122169.9777832312,-121123.7551856326,1046.222597598593,0.31326891012596453
427,w155463583,949.1963916398585,mfh,98696.62464541465,109662.91627268294,123370.7808067683,r2,-548444.9979258124,-507410.61135360517,41034.38657220721,0.2883715556967394
428,w155463586,949.1754787907004,mfh,101711.11223859426,113012.34693177139,127138.89029824281,r2,-565196.1345298096,-459315.2589516922,105880.87557811738,0.2883715556967394
429,w155463589,722.9646147996187,mfh,79863.38270239974,88737.09189155528,99829.22837799968,r2,-443790.9899951268,-360653.5166055502,83137.4733895766,0.2883715556967394
430,w155463591,591.1442194825038,mfh,72104.48386231158,80116.0931803462,90130.60482788947,r2,-400675.7439211421,-374977.15311739955,25698.590803742525,0.2883715556967394
431,w155463593,535.6290349200369,mfh,57403.922688774626,63782.13632086069,71754.90336096828,r2,-318986.53447457246,-296128.9895632319,22857.544911340578,0.2883715556967394
432,w155463596,724.8313003255054,mfh,67296.75836170698,74774.1759574522,84120.94795213372,r2,-373959.8049345756,-342144.3670731683,31815.437861407292,0.2883715556967394
433,w155463597,752.1160736689344,mfh,96345.81377389302,107050.90419321446,120432.26721736627,r2,-535381.8311945521,-435086.2106262107,100295.6205683414,0.2883715556967394
434,w155463600,535.4490051213652,mfh,64489.169061256325,71654.6322902848,80611.4613265704,r2,-358358.3766831614,-291225.4004013415,67132.97628181992,0.2883715556967394
435,w155463601,907.8308945208788,mfh,90872.07987539202,100968.97763932447,113590.09984424003,r2,-504964.9654973188,-465787.1042282162,39177.86126910255,0.2883715556967394
436,w155463605,389.4215188790113,mfh,42998.73447932191,47776.37164369101,53748.41809915238,r1,-259568.1065436773,-210941.98064870425,48626.125894973055,0.31326891012596453
437,w155463606,690.2915003947913,mfh,72619.17804943162,80687.97561047958,90773.97256178952,r2,-403535.8361826722,-371827.2324785212,31708.603704151,0.2883715556967394
438,w155463610,725.1058211326599,mfh,66694.63523034648,74105.15025594053,83368.2940379331,r2,-370613.8807885725,-337157.5487434507,33456.33204512176,0.2883715556967394
439,w155463611,1002.8680375270545,mfh,112403.2420384642,124892.49115384911,140504.05254808025,r2,-624610.98409513,-507599.6426309503,117011.34146417968,0.2883715556967394
440,w155463612,535.6290688522159,mfh,63516.22491576578,70573.58323973975,79395.28114470722,r2,-352951.8457934519,-286831.70061480085,66120.14517865103,0.2883715556967394
441,w155463616,543.6235096465331,mfh,57717.03913082603,64130.04347869559,72146.29891353253,r2,-320726.4840121415,-292402.06721760926,28324.41679453221,0.2883715556967394
442,w155463618,752.1486698825844,mfh,78276.75754478379,86974.17504975977,97845.94693097973,r2,-434974.3092382722,-398127.77704575245,36846.53219251975,0.2883715556967394
443,w155463621,238.18491610530762,mfh,25941.058157091844,28823.39795232427,32426.322696364805,r1,-156596.96568078932,-145994.77335758306,10602.192323206255,0.31326891012596453
444,w155463623,73.76475410088896,mfh,9386.532258258556,10429.48028695395,11733.165322823193,r1,-56663.1654347643,-54906.22605290157,1756.9393818627286,0.31326891012596453
445,w155463625,52.41574023310095,sfh,7168.165529890833,7964.628366545369,8960.206912363541,r1,-43271.67244608546,-42851.91402078711,419.75842529835063,0.31326891012596453
446,w155463626,98.3909645654261,mfh,11326.695090576788,12585.216767307542,14158.368863220985,r1,-68375.24019392832,-64235.834884245065,4139.40530968325,0.31326891012596453
447,w155463629,643.7923131911084,mfh,60925.212855087026,67694.68095009669,76156.51606885878,r2,-338553.9106122842,-307809.97745473264,30743.933157551568,0.2883715556967394
448,w155463631,546.7249739198014,mfh,62732.02766693095,69702.25296325661,78415.03458366368,r2,-348594.1581819878,-283290.35931501427,65303.79886697355,0.2883715556967394
449,w155463632,612.4270064728335,mfh,67447.16411095476,74941.2934566164,84308.95513869345,r2,-374795.5911747898,-304583.35345413024,70212.23772065958,0.2883715556967394
450,w155463633,683.6260891854763,mfh,67343.37274848943,74825.96972054381,84179.21593561179,r2,-374218.8353457377,-342209.4063821684,32009.428963569284,0.2883715556967394
451,w155463638,279.5906790524721,ab,31093.580676718997,34548.42297413222,38866.97584589874,r1,-187700.9163095328,-182401.07667002938,5299.8396395034215,0.31326891012596453
452,w155463639,282.758548167441,other,12733.875761949328,14148.750846610365,15917.34470243666,nr1,-71834.74503895176,-88132.87418062982,-16298.129141678059,0.31325641075686406
453,w155463640,56.80619836300611,sfh,8149.209288913908,9054.67698768212,10186.511611142383,r1,-49193.88560072078,-52048.39715048029,-2854.5115497595107,0.31326891012596453
454,w155463643,240.41873629689215,ab,28483.777730710135,31648.64192301126,35604.72216338767,r1,-171946.46173428465,-171260.8016736914,685.6600605932472,0.31326891012596453
455,w155463644,98.43792371228336,mfh,11153.843250929993,12393.159167699992,13942.30406366249,r1,-67331.79495599262,-63832.50536927366,3499.289586718958,0.31326891012596453
456,w155463645,98.39091195091605,mfh,11053.44919247696,12281.61021386329,13816.811490596201,r1,-66725.75163921963,-63684.20605508813,3041.545584131498,0.31326891012596453
457,w155463647,97.66299930792302,mfh,9369.723502372359,10410.803891524843,11712.154377965448,r1,-56561.69693827091,-54896.276300356374,1665.4206379145326,0.31326891012596453
458,w155463653,376.11661268314344,mfh,49110.00769747382,54566.67521941535,61387.50962184227,r1,-296459.695029139,-240922.4926924316,55537.202336707385,0.31326891012596453
459,w155463654,482.5493668295443,mfh,52586.0148678914,58428.905408768216,65732.51858486424,r2,-292214.0135872148,-272040.1603535686,20173.853233646194,0.2883715556967394
460,w155463656,73.78574474137277,mfh,10518.511422655341,11687.23491406149,13148.139278319177,r1,-63496.52208833437,-61984.220404759086,1512.301683575286,0.31326891012596453
461,w155463657,470.15250823192764,mfh,44569.71600670739,49521.906674119324,55712.145008384236,r1,-269051.564729514,-243095.85933233448,25955.705397179525,0.31326891012596453
462,w155463660,49.947176152281465,mfh,6130.094348688484,6811.2159429872045,7662.617935860605,r1,-37005.20497384321,-35734.364747338055,1270.8402265051554,0.31326891012596453
463,w155463661,78.16354378722608,sfh,10628.335831745004,11809.262035272226,13285.419789681255,r1,-64159.49308654808,-66361.8573650592,-2202.3642785111224,0.31326891012596453
464,w155463663,104.99722011834383,sfh,12659.813951807402,14066.45994645267,15824.767439759253,r1,-76422.80584434768,-76177.41898279192,245.38686155575851,0.31326891012596453
465,w155463665,467.86907609552145,trade,25152.751602532997,27947.501780592218,31440.939503166246,nr1,-141892.50250070353,-152332.43367398193,-10439.931173278397,0.31325641075686406
466,w155463667,587.3173447391018,mfh,62170.68286456457,69078.53651618285,77713.3535807057,r2,-345474.83419218,-318751.32436510234,26723.50982707768,0.2883715556967394
467,w155463669,557.4523567564785,mfh,63822.83861379559,70914.26512643954,79778.54826724448,r2,-354655.6603826958,-335580.85137999716,19074.809002698632,0.2883715556967394
468,w155463671,449.48969881236553,mfh,44460.06219337882,49400.06910375424,55575.07774172352,r1,-268389.6235573923,-251756.43138550414,16633.192171888135,0.31326891012596453
469,w155576276,58.73152135126293,other,7036.542804460303,7818.380893844781,8795.678505575379,nr1,-39694.769115345785,-47579.09003311043,-7884.320917764642,0.31325641075686406
470,w159548666,1258.4072781499474,other,45034.07044829587,50037.85605366207,56292.58806036983,nr1,-254047.63083885334,-278283.0850574009,-24235.454218547588,0.31325641075686406
471,w159548667,15669.025621107221,trade,613413.7969842755,681570.8855380839,766767.2462303443,nr2,-3185517.087956326,-3189842.924251702,-4325.836295376066,0.2883715556967394
472,w159548669,2256.2803165019486,trade,261494.21083095495,290549.1231455055,326867.76353869366,nr2,-1357964.690554579,-1103623.0711429238,254341.61941165524,0.2883715556967394
473,w159548670,188.14899220019578,mfh,23028.989782019133,25587.766424465703,28786.237227523914,r1,-139017.84193688357,-130806.76317847637,8211.07875840721,0.31326891012596453
474,w159548671,318.3455893772654,other,12677.331192583715,14085.923547315238,15846.663990729643,nr1,-71515.76401544799,-74804.80792440126,-3289.043908953274,0.31325641075686406
475,w159548672,170.00981159284711,ab,21983.144401197525,24425.716001330584,27478.930501496907,r1,-132704.44437938416,-129176.44192529266,3528.0024540915038,0.31326891012596453
476,w159548674,118.95309109317604,trade,10044.893361266411,11160.992623629345,12556.116701583014,nr1,-56665.5719781871,-63551.9351269237,-6886.3631487366,0.31325641075686406
477,w159548675,865.047436706489,mfh,94066.05527670533,104517.83919633925,117582.56909588166,r2,-522713.49376403255,-490147.59278862306,32565.900975409488,0.2883715556967394
478,w159548677,106.67055884185247,other,5052.772241354683,5614.191379282981,6315.965301693353,nr1,-28503.859506953686,-35668.5161662619,-7164.656659308213,0.31325641075686406
479,w159872586,633.9711885744706,mfh,61528.304105702184,68364.7823396691,76910.38013212773,r2,-341905.2144778525,-319025.44124344806,22879.77323440445,0.2883715556967394
480,w159872589,1091.462102752924,mfh,104981.15974855874,116645.73305395416,131226.4496856984,r2,-583367.3861431555,-536023.6868314964,47343.69931165909,0.2883715556967394
481,w159872591,2692.1037788091226,mfh,238842.17683578568,265380.1964842063,298552.7210447321,r2,-1327216.585672616,-1193326.8752950672,133889.71037754882,0.2883715556967394
482,w159872593,436.90541737405584,mfh,41771.57313857874,46412.85904286526,52214.46642322342,r1,-252160.16885673243,-230214.00745454128,21946.161402191152,0.31326891012596453
483,w159872596,218.88012801047884,mfh,23926.839112240952,26585.376791378836,29908.54889030119,r1,-144437.83983750225,-137745.07263131192,6692.767206190329,0.31326891012596453
484,w159872599,487.8712977081537,mfh,46825.5540892305,52028.39343247833,58531.94261153812,r1,-282669.2589905214,-258348.6738633494,24320.58512717203,0.31326891012596453
485,w159872601,629.8896718598901,mfh,59138.13100415723,65709.03444906359,73922.66375519653,r2,-328623.3166781179,-303872.2956606335,24751.021017484425,0.2883715556967394
486,w159872603,453.131132603623,mfh,41977.27905722256,46641.42117469173,52471.59882152819,r1,-253401.94251481254,-230336.56237042564,23065.3801443869,0.31326891012596453
487,w159872608,317.054659525305,mfh,36148.8017943321,40165.33532703567,45186.00224291513,r1,-218217.4928913266,-204726.39939094466,13491.093500381947,0.31326891012596453
488,w159872611,474.9952949794941,mfh,49392.47210315651,54880.52455906279,61740.59012894564,r1,-298164.8324439227,-275779.55973076646,22385.272713156242,0.31326891012596453
489,w159872613,461.6615135567263,mfh,49483.41463924298,54981.57182138109,61854.26829905373,r1,-298713.82027303195,-279933.2335052514,18780.586767780536,0.31326891012596453
490,w159872615,129.00588214695452,mfh,16719.873106670097,18577.636785188995,20899.841383337618,r1,-100931.94268394081,-97853.02259624947,3078.9200876913383,0.31326891012596453
491,w159872617,185.93316667452453,mfh,23274.884584316744,25860.98287146305,29093.605730395928,r1,-140502.22162884907,-131234.0770267317,9268.144602117362,0.31326891012596453
492,w159872620,129.2747205838561,mfh,17497.094806705965,19441.216451895518,21871.368508382457,r1,-105623.75437295661,-99145.44640342648,6478.307969530128,0.31326891012596453
493,w159872622,447.3657494872576,mfh,46366.44062561429,51518.26736179365,57958.05078201786,r1,-279897.75387804233,-262790.5931222782,17107.16075576411,0.31326891012596453
494,w159872625,238.36158968657256,mfh,25116.058872769172,27906.732080854636,31395.073590961463,r1,-151616.73766420648,-143275.685359091,8341.052305115474,0.31326891012596453
495,w159872628,167.04002443812786,mfh,19006.772350224233,21118.635944693593,23758.46543778029,r1,-114737.14215535737,-112681.97789239719,2055.1642629601847,0.31326891012596453
496,w159872630,195.52493976540862,mfh,18074.7621351929,20083.069039103222,22593.452668991125,r1,-109110.92711148466,-100478.48003668433,8632.447074800337,0.31326891012596453
497,w159872632,133.65780365467072,th,16477.88462317202,18308.760692413354,20597.355778965022,r1,-99471.14405282812,-80836.74232283006,18634.401729998062,0.31326891012596453
498,w159872635,49.369007284846155,th,6739.6868476192685,7488.540941799187,8424.608559524086,r1,-40685.09864110417,-45589.933368736194,-4904.834727632027,0.31326891012596453
499,w159872640,133.91130499513818,mfh,16908.877072954834,18787.64119217204,21136.09634119354,r1,-102072.89258053295,-96405.27178891293,5667.620791620022,0.31326891012596453
500,w159872643,87.82295271442271,other,9591.78852868142,10657.542809646022,11989.735660851775,nr1,-54109.50258241681,-58996.998125722166,-4887.495543305355,0.31325641075686406
501,w159872648,133.79360626488923,mfh,16965.31316645674,18850.347962729713,21206.641458070924,r1,-102413.57725668441,-99022.45641770128,3391.12083898313,0.31326891012596453
502,w159872651,467.48304517045614,other,34799.30109969496,38665.890110772176,43499.126374618696,nr1,-196310.9244005712,-211342.25110850277,-15031.326707931556,0.31325641075686406
503,w159872654,134.11286987382917,mfh,15572.749109392586,17303.054565991763,19465.93638674073,r1,-94007.16204679605,-87649.88802405284,6357.274022743208,0.31326891012596453
504,w159872660,131.42538360562176,mfh,16010.967487406166,17789.96387489574,20013.709359257708,r1,-96652.53093988121,-90496.74250960593,6155.788430275279,0.31326891012596453
505,w159872663,509.8066861014813,other,40789.69983623175,45321.88870692417,50987.12479528969,nr1,-230104.15231996356,-187006.52014920022,43097.63217076333,0.31325641075686406
506,w159872669,96.41428965386004,other,6140.942525975589,6823.26947330621,7676.178157469486,nr1,-34642.48033348044,-42711.49052469207,-8069.01019121163,0.31325641075686406
507,w159872671,385.8471666022902,mfh,41085.27500261371,45650.30555845967,51356.59375326713,r1,-248017.23046949762,-227147.58700131922,20869.6434681784,0.31326891012596453
508,w159872676,450.3884779855609,trade,21572.307796555673,23969.230885061857,26965.38474569459,nr1,-121694.3890011807,-131192.8222501133,-9498.433248932604,0.31325641075686406
509,w159872680,74.82275880910456,trade,6347.627257792996,7052.919175325551,7934.534072241245,nr1,-35808.436817673006,-42015.04335945832,-6206.606541785317,0.31325641075686406
510,w159872682,128.20031198486686,mfh,17098.113549140475,18997.903943489415,21372.641936425593,r1,-103215.24605691552,-101287.03452632704,1928.21153058848,0.31326891012596453
511,w159872688,74.73616111706941,trade,5317.786693607912,5908.651881786568,6647.23336700989,nr1,-29998.867465656578,-35100.10103305973,-5101.233567403149,0.31325641075686406
512,w159872690,271.2794532585889,mfh,37662.36732773164,41847.07480859071,47077.95915966455,r1,-227354.35108940268,-212226.04502073163,15128.306068671052,0.31326891012596453
513,w159872699,406.91918786983007,mfh,43877.34349126553,48752.60387918392,54846.67936408191,r1,-264871.9574682223,-239634.56622379593,25237.39124442637,0.31326891012596453
514,w159872700,406.7131608505966,mfh,40678.93594210743,45198.8177134527,50848.66992763429,r1,-245564.3057072335,-223659.96169558796,21904.34401164553,0.31326891012596453
515,w159872708,435.5580747295171,mfh,46872.894326570284,52080.9936961892,58591.11790821285,r1,-282955.03520971513,-264357.06369620946,18597.971513505676,0.31326891012596453
516,w159872710,142.59727319749075,mfh,15785.244708098155,17539.160786775727,19731.555885122692,r1,-95289.92259481622,-91235.80689034735,4054.1157044688734,0.31326891012596453
517,w159872717,364.7500545413,mfh,42624.77941045999,47360.86601162221,53280.97426307498,r1,-257310.6724509698,-235549.62494204176,21761.04750892805,0.31326891012596453
518,w159872718,186.0198295045644,mfh,25865.705318047403,28739.672575608223,32332.131647559254,r1,-156142.0873223841,-149292.8871802628,6849.200142121292,0.31326891012596453
519,w159872719,169.79583046399057,mfh,20853.61252597942,23170.680584421578,26067.015657474276,r1,-125885.86114242661,-124063.66554337989,1822.195599046725,0.31326891012596453
520,w159872726,172.48843573874328,mfh,18695.70090016346,20773.001000181623,23369.626125204326,r1,-112859.3141618172,-107719.23893781878,5140.075223998414,0.31326891012596453
521,w159872727,172.59632431017235,mfh,21043.444879268325,23381.60542140925,26304.306099085406,r1,-127031.81171749826,-103234.33924873728,23797.472468760985,0.31326891012596453
522,w159872732,140.4957689295523,mfh,18976.199229647278,21084.665810719198,23720.249037059097,r1,-114552.58307204042,-111227.68470623648,3324.898365803936,0.31326891012596453
523,w159872736,118.37831126665697,mfh,14679.616639748732,16310.68515527637,18349.520799685914,r1,-88615.63816021234,-85125.4532018645,3490.184958347847,0.31326891012596453
524,w159872737,187.97203346798193,mfh,24944.26660849226,27715.85178721362,31180.333260615324,r1,-150579.68870690162,-143937.68870837137,6641.999998530257,0.31326891012596453
525,w159872743,753.6066189933568,other,31827.00488865078,35363.33876516753,39783.75611081347,nr1,-179543.51246000457,-195444.66336771887,-15901.150907714298,0.31325641075686406
526,w159872746,394.377677144669,mfh,44537.18740147157,49485.76377941285,55671.484251839465,r1,-268855.2010790063,-218489.2796672161,50365.921411790216,0.31326891012596453
527,w159872748,575.8923149108887,trade,55207.313642999135,61341.45960333237,69009.14205374892,nr2,-286696.91137456807,-232999.6707713915,53697.24060317656,0.2883715556967394
528,w159872750,127.08080641776323,mfh,17865.116812482014,19850.129791646683,22331.396015602517,r1,-107845.37266852838,-122645.19035775977,-14799.817689231393,0.31326891012596453
529,w159872753,434.5401292324066,other,25725.96143987,28584.401599855555,32157.451799837498,nr1,-145126.1120700668,-156719.62575451098,-11593.513684444188,0.31325641075686406
530,w159872756,252.43327465518377,mfh,33635.93448393886,37373.260537709844,42044.91810492357,r1,-203048.20436103398,-191073.26234540582,11974.942015628156,0.31326891012596453
531,w159872759,386.07803563163617,mfh,40885.04737063046,45427.83041181162,51106.30921328808,r1,-246808.5272846025,-229396.8866232418,17411.640661360696,0.31326891012596453
532,w159872763,1345.7076428122818,trade,70170.62199602295,77967.35777335883,87713.27749502868,nr2,-364402.81672794715,-368404.02533242153,-4001.2086044743774,0.2883715556967394
533,w159872767,486.0339612279087,mfh,45082.85482234876,50092.060913720845,56353.568527935946,r1,-272149.2017270435,-246075.64510720642,26073.556619837065,0.31326891012596453
534,w159872769,563.4171857964247,other,35443.64525157622,39381.82805730691,44304.55656447027,nr1,-199945.81912806968,-212161.5211401206,-12215.702012050926,0.31325641075686406
535,w159872774,2747.8572637828997,other,119011.47723873041,132234.97470970044,148764.346548413,nr2,-618038.0947913686,-644573.41492375,-26535.3201323814,0.2883715556967394
536,w159872776,80.53474041707815,sfh,12444.034937831644,13826.705486479605,15555.043672289554,r1,-75120.22448311053,-75331.91424795093,-211.6897648403974,0.31326891012596453
537,w159872779,530.1892838459462,trade,41088.84380523203,45654.270894702255,51361.054756540034,nr1,-231791.69279426965,-239009.33612924741,-7217.643334977765,0.31325641075686406
538,w159872782,386.9254036822822,mfh,34779.397511211064,38643.77501245674,43474.246889013826,r1,-209950.88502096085,-190216.47361774003,19734.411403220816,0.31326891012596453
539,w159872787,649.6997715241275,sfh,73844.5187104147,82049.46523379411,92305.64838801838,r2,-410344.90345002466,-375508.849514327,34836.05393569765,0.2883715556967394
540,w159872789,103.62989482581615,mfh,13622.502345110554,15136.113716789503,17028.12793138819,r1,-82234.2141675727,-79978.74168929236,2255.4724782803387,0.31326891012596453
541,w159872791,7102.280937734339,other,341045.9633446604,378939.9592718449,426307.4541808255,nr2,-1771084.6240401599,-1741684.3343765235,29400.28966363636,0.2883715556967394
542,w159872796,295.65545302389654,other,14692.2812732514,16324.756970279332,18365.35159156425,nr1,-82882.56451019549,-91474.95623745062,-8592.391727255133,0.31325641075686406
543,w159872797,3172.659030787088,other,124134.27925297005,137926.9769477445,155167.84906621257,nr2,-644641.3003840785,-683379.3133495485,-38738.01296546997,0.2883715556967394
544,w159872802,393.79842739673325,mfh,39710.81716874246,44123.130187491624,49638.521460928074,r1,-239720.1161059656,-218067.9333069196,21652.182799045986,0.31326891012596453
545,w159872803,469.9664310747758,mfh,46940.21759095484,52155.79732328315,58675.271988693545,r1,-283361.44187433546,-230277.9974949931,53083.44437934237,0.31326891012596453
546,w159872804,664.4021281981841,mfh,71285.2107419375,79205.78971326388,89106.51342742186,r2,-396123.1440078369,-321915.51454625494,74207.62946158194,0.2883715556967394
547,w159872808,295.65545226749964,other,15824.74835213696,17583.053724596622,19780.935440171197,nr1,-89271.07382169967,-96485.27256534035,-7214.198743640678,0.31325641075686406
548,w159872809,678.8678823016584,other,34505.649287262946,38339.61031918105,43132.06160907868,nr1,-194654.36645461473,-208163.18551474522,-13508.819060130481,0.31325641075686406
549,w159872812,337.05531151816245,mfh,38041.70913462511,42268.56570513901,47552.136418281385,r1,-229644.30300869804,-213315.61727106274,16328.6857376353,0.31326891012596453
550,w159872814,765.4437305399682,mfh,79399.36095195425,88221.51216883806,99249.2011899428,r2,-441212.47822864127,-404545.5011611585,36666.977067482774,0.2883715556967394
551,w159872815,1229.117813373683,mfh,149792.9605537908,166436.62283754532,187241.2006922385,r2,-832381.0488491905,-778083.7241652223,54297.32468396821,0.2883715556967394
552,w159872820,336.8380303993821,mfh,38637.43829336847,42930.48699263163,48296.797866710585,r1,-233240.50860917295,-220339.80851718682,12900.700091986131,0.31326891012596453
553,w159872826,1791.1392054180615,th,178358.86709907744,198176.51899897493,222948.5838738468,r2,-991118.2763102568,-909764.5964215904,81353.67988866637,0.2883715556967394
554,w159872827,157.03123329076917,th,22144.882072210334,24605.424524678147,27681.102590262915,r1,-133680.79732395205,-129113.99545327637,4566.801870675685,0.31326891012596453
555,w159872832,35.670331929810345,sfh,3676.201183569743,4084.667981744159,4595.251479462178,r0,-27231.13626658933,-29655.635379062558,-2424.4991124732296,0.3844042084951792
556,w159872833,162.84196072258055,mfh,21239.15922568886,23599.065806320956,26548.949032111075,r1,-128213.2697985086,-122239.10999177443,5974.159806734169,0.31326891012596453
557,w159872834,33.79703346360475,sfh,4555.214293213258,5061.349214681398,5694.017866516572,r0,-33742.348404761164,-36229.96420601266,-2487.6158012514934,0.3844042084951792
558,w159872835,42.916394099872555,th,6704.477568681241,7449.419520756934,8380.59696085155,r1,-40472.55271440703,-40268.85997003237,203.69274437466083,0.31326891012596453
559,w159872839,58.88304680213332,other,5318.843004436388,5909.8255604848755,6648.553755545484,nr1,-30004.82635990559,-36164.523156040035,-6159.696796134445,0.31325641075686406
560,w159872840,318.65718863122163,other,26659.24765591642,29621.386284351578,33324.05956989552,nr1,-150390.99596177205,-157664.76215506406,-7273.766193292016,0.31325641075686406
561,w159872842,48.8293092939537,other,2375.76436505535,2639.7381833948334,2969.7054563191873,nr0,-16433.397774268677,-18028.024589891746,-1594.626815623069,0.38410505692804275
562,w159872843,143.51003436879253,mfh,19080.71500207315,21200.794446747943,23850.893752591437,r1,-115183.5077139175,-113771.86674975077,1411.640964166727,0.31326891012596453
563,w159872845,162.83680398128925,mfh,21498.13375395689,23886.81528217432,26872.667192446108,r1,-129776.60715621385,-126262.41455158195,3514.1926046318986,0.31326891012596453
564,w159872848,156.42925329236314,mfh,21291.72814453538,23657.47571615042,26614.660180669223,r1,-128530.60971311934,-104452.36029916018,24078.249413959158,0.31326891012596453
565,w159872851,167.48750086340587,mfh,20694.65294755158,22994.058830612867,25868.316184439474,r1,-124926.27855728478,-120863.15684623094,4063.121711053842,0.31326891012596453
566,w159872853,143.46053532976657,th,18641.830787650975,20713.145319612195,23302.288484563716,r1,-112534.11940263459,-91452.56847398976,21081.550928644836,0.31326891012596453
567,w159872855,768.5454076524824,other,30902.518900127714,34336.13211125301,38628.14862515964,nr1,-174328.27269175733,-185740.69108200344,-11412.418390246108,0.31325641075686406
568,w159872857,315.41669200100006,mfh,33248.68266430212,36942.98073811347,41560.85333037765,r1,-200710.5025008306,-188187.21665512785,12523.285845702747,0.31326891012596453
569,w159872858,136.24142913175746,other,12600.205042488164,14000.227824986849,15750.256303110204,nr1,-71080.67752398834,-81226.67902710181,-10146.001503113468,0.31325641075686406
570,w159872860,131.01957194106652,other,10778.366395040914,11975.96266115657,13472.957993801141,nr1,-60803.26338959381,-65688.22151103501,-4884.9581214411955,0.31325641075686406
571,w159872862,156.42902136784977,mfh,20547.76308719318,22830.847874659088,25684.703858991474,r1,-124039.55657847792,-115042.28444598474,8997.272132493177,0.31326891012596453
572,w159872865,158.90607472276315,mfh,21250.92912058293,23612.143467314363,26563.66140072866,r1,-128284.32047869405,-104252.20959646445,24032.110882229594,0.31326891012596453
573,w159872867,192.56274920739233,mfh,23626.608294376343,26251.78699375149,29533.260367970426,r1,-142625.45289488995,-134065.21173748001,8560.241157409939,0.31326891012596453
574,w159872868,54.98272090442479,other,4338.732794656411,4820.814216284901,5423.415993320514,nr0,-30011.445116187715,-32608.05515725254,-2596.610041064825,0.38410505692804275
575,w159872870,315.09365436807275,mfh,33572.70898486998,37303.00998318887,41965.886231087476,r1,-202666.53445197004,-189557.9645387637,13108.569913206331,0.31326891012596453
576,w159872874,56.548262861557305,th,6258.9085433516675,6954.342825946297,7823.635679189584,r1,-37782.81057106726,-43296.846188327574,-5514.035617260313,0.31326891012596453
577,w159872876,86.08918008172186,other,7937.8236826816055,8819.804091868451,9922.279603352006,nr1,-44779.10347715667,-50594.364272380655,-5815.260795223985,0.31325641075686406
578,w159872878,413.8979488207959,mfh,49390.03592714167,54877.81769682407,61737.544908927084,r1,-298150.126113538,-279236.18404508586,18913.942068452132,0.31326891012596453
579,w159872879,205.3686287334189,mfh,25436.2263636754,28262.47373741711,31795.282954594248,r1,-153549.47522957216,-146919.63289260384,6629.842336968315,0.31326891012596453
580,w159872883,329.8948070596903,th,38258.33027645758,42509.25586273064,47822.91284557197,r1,-230951.96799706705,-224667.62627505147,6284.3417220155825,0.31326891012596453
581,w159872884,900.053558271192,other,37831.76819712391,42035.297996804344,47289.71024640488,nr1,-213417.77425957064,-236902.02106540502,-23484.24680583438,0.31325641075686406
582,w159872887,1008.3728146322071,other,88407.21114906944,98230.23461007715,110509.01393633679,nr2,-459107.1853917608,-461839.81262395775,-2732.6272321969736,0.2883715556967394
583,w159872892,458.9937253634445,other,39649.09661200691,44054.55179111879,49561.370765008636,nr1,-223669.74512654397,-234911.13037236218,-11241.385245818208,0.31325641075686406
584,w159872895,353.7920229201671,th,49227.57275316536,54697.30305907262,61534.4659414567,r1,-297169.3935649466,-275090.9613405563,22078.43222439027,0.31326891012596453
585,w159872899,2008.66189844124,other,87830.35072413228,97589.2785823692,109787.93840516535,nr2,-456111.493494974,-472997.6200484688,-16886.126553494832,0.2883715556967394
587,w160025355,131.5437356668757,ab,15822.357973565722,17580.397748406358,19777.94746695715,r1,-95513.96221276595,-98957.7700998055,-3443.80788703954,0.31326891012596453
588,w160025360,102.43726858533918,mfh,14598.10513130861,16220.116812565122,18247.63141413576,r1,-88123.58209941139,-85793.80908446267,2329.773014948718,0.31326891012596453
589,w160025362,106.2412323884666,mfh,12893.32495058692,14325.916611763245,16116.65618823365,r1,-77832.42890754435,-80678.29701603812,-2845.8681084937707,0.31326891012596453
590,w160025367,104.2175793532282,mfh,14296.527182761089,15885.030203067876,17870.65897845136,r1,-86303.06300675178,-83484.23954046157,2818.8234662902105,0.31326891012596453
591,w160025369,103.97346241511406,mfh,13712.751918131698,15236.391020146331,17140.939897664623,r1,-82779.01882448043,-80512.39025784768,2266.628566632746,0.31326891012596453
592,w160025373,103.9182820610702,mfh,12692.477684318626,14102.75298257625,15865.597105398283,r1,-76619.98521028145,-73961.30081422738,2658.684396054072,0.31326891012596453
593,w160025375,104.46434533819556,mfh,15200.83881015165,16889.8209001685,19001.048512689562,r1,-91762.07150292232,-74571.8469383578,17190.224564564516,0.31326891012596453
594,w160025376,101.26918978765606,other,6767.594541506047,7519.5494905622745,8459.493176882557,nr1,-38177.56961857368,-42438.64172160887,-4261.072103035185,0.31325641075686406
595,w160025380,128.15635424628857,th,16535.50385671767,18372.782063019633,20669.379820897087,r1,-99818.97092571284,-99063.85315034263,755.1177753702068,0.31326891012596453
596,w160025381,64.08582323277369,th,8805.145795153388,9783.495327948209,11006.432243941736,r1,-53153.54159988361,-58322.64004408602,-5169.098444202413,0.31326891012596453
597,w160025384,125.48521707579494,mfh,13228.087159594033,14697.874621771149,16535.10894949254,r1,-79853.2696087083,-78210.95972091844,1642.3098877898592,0.31326891012596453
598,w160025385,125.6767025694251,mfh,12483.801305090501,13870.890338989446,15604.751631363126,r1,-75360.27993540453,-72791.62295506221,2568.656980342319,0.31326891012596453
599,w160025388,125.67682776004075,mfh,12887.497210468891,14319.441344965435,16109.371513086113,r1,-77797.2489078029,-73964.42628440575,3832.822623397151,0.31326891012596453
600,w160025389,125.54291224256157,mfh,15947.091501286146,17718.990556984605,19933.864376607682,r1,-96266.93427124534,-93842.11796400006,2424.8163072452735,0.31326891012596453
601,w160025392,101.23846836648882,other,7707.166695034264,8563.51855003807,9633.95836879283,nr1,-43477.91394076975,-48759.40448524303,-5281.490544473279,0.31325641075686406
602,w160025393,241.441205301648,mfh,29760.98461218925,33067.76068021028,37201.23076523656,r1,-179656.50659733798,-172186.37831241608,7470.128284921899,0.31326891012596453
603,w160025394,520.9474028991534,mfh,62962.95736238052,69958.84151375612,78703.69670297565,r2,-349877.40608227684,-284333.2102929509,65544.19578932592,0.2883715556967394
604,w160025395,347.3527018059045,mfh,41270.74084393225,45856.37871548028,51588.42605491531,r1,-249136.82196079456,-248833.19732659965,303.6246341949154,0.31326891012596453
605,w160025396,362.18757194392384,mfh,37666.70161233902,41851.89068037669,47083.37701542377,r1,-227380.5156280195,-213443.29195682178,13937.223671197717,0.31326891012596453
606,w160025398,216.67090053744613,mfh,25759.482837806354,28621.647597562616,32199.353547257942,r1,-155500.85989086976,-150017.55398538412,5483.305905485642,0.31326891012596453
607,w160025399,277.5212213275954,mfh,34672.16062353594,38524.62291503994,43340.20077941992,r1,-209303.53397162116,-170093.70912569296,39209.824845928204,0.31326891012596453
608,w160025402,733.1297983160242,mfh,73752.53405858297,81947.26006509218,92190.66757322871,r2,-409833.7560590749,-382935.4843081375,26898.27175093739,0.2883715556967394
609,w160025403,118.93753181435167,th,13366.26539456982,14851.405993966466,16707.831743212275,r1,-80687.40259547005,-78449.20312424327,2238.199471226777,0.31326891012596453
610,w160025405,118.80893169231713,mfh,11413.826109522666,12682.02901058074,14267.282636903332,r1,-68901.21924616946,-64438.356730085936,4462.862516083529,0.31326891012596453
611,w160025406,118.8714888818562,mfh,12694.703117102687,14105.225685669651,15868.378896378357,r1,-76633.41935854174,-70516.56879259362,6116.850565948116,0.31326891012596453
612,w160025409,118.87152101863175,mfh,13545.552141340295,15050.613490378106,16931.94017667537,r1,-81769.69308497194,-79124.16571452974,2645.5273704421998,0.31326891012596453
613,w160025412,678.325670054555,mfh,83112.16289052342,92346.84765613714,103890.20361315427,r2,-461844.06171807833,-375324.62068201246,86519.44103606587,0.2883715556967394
614,w160025415,1309.668819526094,mfh,134843.0872649352,149825.65251659465,168553.85908116898,r2,-749306.4426571892,-690843.9099591223,58462.532698066905,0.2883715556967394
615,w160025422,678.3786613484378,mfh,78555.95700031816,87284.39666702018,98194.9462503977,r2,-436525.7862554606,-401908.96309989254,34616.82315556804,0.2883715556967394
616,w160025427,555.729584345687,mfh,68356.5049155554,75951.67212839489,85445.63114444424,r2,-379848.68612595764,-308689.82813470095,71158.8579912567,0.2883715556967394
617,w160025428,926.2977557130158,mfh,100962.61735123128,112180.68594581253,126203.2716890391,r2,-561036.8405476486,-520138.2916107905,40898.54893685813,0.2883715556967394
618,w160025434,188.0208901744336,mfh,25126.424219116037,27918.249132351153,31408.030273895045,r1,-151679.30958306658,-144072.59320772716,7606.716375339427,0.31326891012596453
619,w160025437,385.6369404070079,mfh,43222.04791881172,48024.497687568575,54027.55989851464,r1,-260916.17055895666,-242994.83243889624,17921.33812006042,0.31326891012596453
620,w160025438,514.208815998584,mfh,66439.19135967275,73821.32373296973,83048.98919959094,r2,-369194.4106331833,-300031.46865922905,69162.94197395426,0.2883715556967394
621,w160025439,231.99735509790483,mfh,23422.747428464972,26025.274920516636,29278.434285581214,r1,-141394.81716563573,-137005.81445638716,4389.002709248569,0.31326891012596453
622,w160025441,239.19352681115268,mfh,29974.211052689745,33304.67894743305,37467.76381586218,r1,-180943.67897801302,-147046.64042792472,33897.0385500883,0.31326891012596453
623,w160025442,258.45977183450015,mfh,26407.168715404667,29341.29857267185,33008.96089425583,r1,-159410.70977178015,-149393.82861728023,10016.881154499919,0.31326891012596453
624,w160025445,358.2598954875022,mfh,37036.861616907394,41152.06846323044,46296.07702113424,r1,-223578.39500704434,-210505.75604026896,13072.638966775383,0.31326891012596453
625,w160025446,282.03160609211767,mfh,32653.249972380814,36281.3888582009,40816.56246547602,r1,-197116.08656539078,-160189.39411120734,36926.692454183445,0.31326891012596453
626,w160025449,151.84076374266294,mfh,15398.815708212785,17109.79523134754,19248.51963526598,r1,-92957.18780556218,-91090.87375389152,1866.3140516706626,0.31326891012596453
627,w160025451,187.46145662125198,mfh,22242.272514884975,24713.63612764997,27802.840643606218,r1,-134268.70887778312,-128356.36229608377,5912.346581699356,0.31326891012596453
628,w160025452,105.00601281486452,mfh,13097.326417448377,14552.584908275974,16371.658021810472,r1,-79063.91339485701,-77208.1023418971,1855.811052959907,0.31326891012596453
629,w160025453,104.94913844838739,mfh,14710.976976171565,16345.52997352396,18388.721220214455,r1,-88804.94938633138,-86413.57628749481,2391.3730988365714,0.31326891012596453
630,w160025454,86.96602670811116,mfh,9958.714429546208,11065.238255051341,12448.393036932759,r1,-60117.226225102415,-64569.15000657688,-4451.923781474463,0.31326891012596453
631,w160025455,103.15431486908346,mfh,14454.34817374303,16060.386859714477,18067.935217178787,r1,-87255.77234338888,-84982.8489636712,2272.923379717671,0.31326891012596453
632,w160025456,162.83409464433788,mfh,15439.821255317227,17155.356950352474,19299.776569146532,r1,-93204.72374699332,-86422.48224293563,6782.241504057689,0.31326891012596453
633,w160025457,103.20248084068298,mfh,13888.002639595677,15431.114043995196,17360.003299494594,r1,-83836.94526095947,-81128.48939351938,2708.4558674400905,0.31326891012596453
634,w160025458,101.69107806179672,mfh,14620.583473797502,16245.09274866389,18275.729342246876,r1,-88259.27587897805,-103050.17226478651,-14790.89638580846,0.31326891012596453
635,w160025459,108.44199563004076,mfh,13875.057936342178,15416.731040380198,17343.82242042772,r1,-83758.80267946339,-82301.3722448534,1457.4304346099962,0.31326891012596453
636,w160025462,124.9876569705084,mfh,15710.045915399749,17455.606572666387,19637.557394249685,r1,-94835.97415955512,-92880.86318097038,1955.1109785847366,0.31326891012596453
637,w160025465,103.21026510931551,mfh,13114.320013160435,14571.466681289372,16392.90001645054,r1,-79166.49770380846,-75192.22364655757,3974.274057250892,0.31326891012596453
638,w160025467,105.14285953305661,mfh,14341.115732538854,15934.573036154281,17926.394665673568,r1,-86572.22826427603,-83581.12259862527,2991.105665650757,0.31326891012596453
639,w160025469,108.37528205253183,mfh,12119.687617749969,13466.319575277743,15149.60952218746,r1,-73162.2547717786,-72171.86297778183,990.391793996765,0.31326891012596453
640,w160025471,48.55004379618913,sfh,6829.869385996844,7588.743762218715,8537.336732496055,r1,-41229.498633648764,-42300.57422556853,-1071.075591919769,0.31326891012596453
641,w160025472,101.69099241122603,mfh,13375.50809475645,14861.6756608405,16719.38511844556,r1,-80743.19749771185,-65617.1909209919,15126.006576719956,0.31326891012596453
642,w160025474,105.6897082787007,mfh,13340.076698786537,14822.307443096151,16675.09587348317,r1,-80529.3107292877,-80375.9795596928,153.33116959489416,0.31326891012596453
643,w160025476,96.35599186792969,mfh,11760.455718228655,13067.17302025406,14700.569647785818,r1,-70993.69922943636,-57694.11245643838,13299.58677299798,0.31326891012596453
644,w160025477,108.4367577029392,mfh,13789.217767408181,15321.35307489798,17236.522209260227,r1,-83240.61603082369,-79446.79367179981,3793.8223590238777,0.31326891012596453
645,w160025481,105.0061043202877,mfh,13105.966754568803,14562.185282854225,16382.458443211002,r1,-79116.07204495234,-74636.53445770114,4479.537587251194,0.31326891012596453
646,w160025482,103.2132654029876,mfh,14060.161845670413,15622.402050744902,17575.202307088013,r1,-84876.2093157277,-82999.5967412455,1876.6125744821911,0.31326891012596453
647,w160025484,128.51466068420558,mfh,13247.347808026228,14719.275342251365,16559.184760032786,r1,-79969.5393107097,-74116.79804332099,5852.741267388716,0.31326891012596453
648,w160025486,101.26240085978061,mfh,13302.68360909849,14780.75956566499,16628.354511373112,r1,-80303.58191178468,-77053.04900659062,3250.5329051940644,0.31326891012596453
649,w160025487,105.13472320698202,mfh,14158.708934601254,15731.898816223616,17698.386168251567,r1,-85471.10313269508,-83288.36434060347,2182.738792091608,0.31326891012596453
650,w160025490,87.12732640933245,mfh,12040.780464448602,13378.644960498446,15050.975580560753,r1,-72685.92027907308,-88093.84270271238,-15407.922423639306,0.31326891012596453
651,w160025492,101.576605540514,mfh,13964.916070301266,15516.57341144585,17456.145087876583,r1,-84301.24435761379,-81706.61430817173,2594.6300494420575,0.31326891012596453
652,w160025494,105.68961535468698,mfh,14285.138779463909,15872.376421626564,17856.423474329884,r1,-86234.31525600515,-83718.86128844136,2515.4539675637934,0.31326891012596453
653,w160025496,100.3227494932711,mfh,13748.271791453237,15275.857546059151,17185.339739316543,r1,-82993.43969928958,-81066.84425801558,1926.5954412739957,0.31326891012596453
654,w160025498,53.38166442215442,th,6600.947610690868,7334.386234100964,8251.184513363583,r1,-39847.5790845661,-44342.43209600679,-4494.853011440689,0.31326891012596453
655,w160025500,108.55102695096282,mfh,13356.061664075802,14840.06851563978,16695.07708009475,r1,-80625.80629418152,-76557.02922044432,4068.77707373719,0.31326891012596453
656,w160025504,103.15687311664223,mfh,13210.204122827778,14678.004580919753,16512.75515353472,r1,-79745.31605963582,-75555.1079997977,4190.208059838114,0.31326891012596453
657,w160025505,103.09466042611747,mfh,11999.591279695112,13332.879199661236,14999.48909961889,r1,-72437.27578229882,-71134.46519603614,1302.8105862626835,0.31326891012596453
658,w160025507,85.83866344131528,mfh,11973.740029139291,13304.155587932546,14967.175036424114,r1,-72281.22095324828,-72147.27014371198,133.95080953629804,0.31326891012596453
659,w160025509,108.27769679883495,mfh,14945.057217444468,16605.61913049385,18681.321521805585,r1,-90218.00876452573,-88828.81619241076,1389.1925721149746,0.31326891012596453
660,w160025513,105.03020258601755,mfh,11679.227174263047,12976.919082514496,14599.03396782881,r1,-70503.35132478832,-67533.583455845,2969.7678689433233,0.31326891012596453
661,w160025515,104.96566433478147,mfh,13255.429579015141,14728.255087794601,16569.286973768925,r1,-80018.32609521659,-75339.64421041991,4678.681884796679,0.31326891012596453
662,w160025517,132.51887063886969,mfh,14316.368058185923,15907.07562020658,17895.460072732403,r1,-86422.83533327619,-81221.79200128802,5201.04333198817,0.31326891012596453
663,w160032048,197.876624872908,mfh,22760.163304132715,25289.070337925237,28450.204130165894,r1,-137395.031854244,-131006.58477646617,6388.447077777833,0.31326891012596453
664,w160032049,177.6117346536368,mfh,20420.46582699145,22689.406474434945,25525.582283739313,r1,-123271.10817647549,-130705.13572386316,-7434.027547387668,0.31326891012596453
665,w160032050,605.1206229591743,mfh,68794.57954872533,76438.42172080593,85993.22443590667,r2,-382283.0129546959,-356036.36200423853,26246.650950457377,0.2883715556967394
666,w160032051,604.9254235289991,mfh,66484.26842234895,73871.4093581655,83105.33552793619,r2,-369444.8983234642,-341015.71561250737,28429.18271095684,0.2883715556967394
667,w160032052,558.9287057133391,mfh,63671.536875409336,70746.15208378815,79589.42109426166,r2,-353814.8952410961,-334144.8695047612,19670.02573633491,0.2883715556967394
668,w160032053,914.9869650162756,mfh,118384.96876544278,131538.85418382531,147981.21095680346,r2,-657850.7034285605,-534612.4075109108,123238.29591764975,0.2883715556967394
669,w160032054,558.7663555394857,mfh,60610.35153484233,67344.8350387137,75762.93941855291,r2,-336804.26500131306,-314284.11511536496,22520.149885948107,0.2883715556967394
670,w160032055,915.1860893286764,mfh,117551.19343225891,130612.43714695434,146938.99179032363,r2,-653217.516503258,-530847.1774918886,122370.33901136939,0.2883715556967394
671,w160032056,579.5610938113182,mfh,57693.31188162339,64103.67986847043,72116.63985202923,r2,-320594.63460810686,-291181.6401537423,29412.994454364583,0.2883715556967394
672,w160032057,300.306428108085,mfh,37313.43611538925,41459.37346154361,46641.79514423657,r1,-225247.97714146104,-183051.20404820875,42196.7730932523,0.31326891012596453
673,w160032058,579.3688813976943,mfh,57693.4417204568,64103.82413384089,72116.80215057099,r2,-320595.35610652674,-297241.66654765274,23353.689558874,0.2883715556967394
674,w160032059,915.3225905947387,mfh,92194.63134061452,102438.47926734947,115243.28917576815,r2,-512314.22124144045,-416339.9655765618,95974.25566487864,0.2883715556967394
675,w160032060,914.9022733874618,mfh,89683.02969465003,99647.81077183336,112103.78711831254,r2,-498357.5599628983,-452526.278220687,45831.281742211315,0.2883715556967394
676,w160032061,434.5004198986106,mfh,54507.02112981529,60563.35681090588,68133.77641226912,r2,-302888.80899305013,-246147.21021039624,56741.59878265389,0.2883715556967394
677,w160032062,579.3681231357157,mfh,63760.568600850966,70845.07622316774,79700.7107510637,r2,-354309.63358347194,-287935.12757099065,66374.50601248129,0.2883715556967394
678,w160032063,157.0142166607082,mfh,21768.76703500984,24187.51892778871,27210.9587937623,r1,-131410.32426861863,-124991.9285040817,6418.395764536923,0.31326891012596453
679,w160032064,245.02896427586674,mfh,31648.601750868154,35165.11305652017,39560.75218858519,r1,-191051.38164422804,-177809.6583092151,13241.723335012939,0.31326891012596453
680,w160032065,177.6155174203217,mfh,23633.30432957042,26259.22703285602,29541.630411963022,r1,-142665.8744839838,-136675.01081435636,5990.863669627433,0.31326891012596453
681,w160032066,915.0334876678884,mfh,90981.15204470573,101090.16893856191,113726.44005588215,r2,-505571.0661201916,-460592.51063151687,44978.55548867473,0.2883715556967394
682,w160032067,686.1767572972923,mfh,82068.33429355826,91187.03810395363,102585.41786694783,r2,-456043.6346542938,-424969.71048599045,31073.924168303376,0.2883715556967394
683,w160032068,579.4084268193692,mfh,55797.50842459628,61997.23158288475,69746.88553074535,r2,-310059.88808772236,-282781.59686948673,27278.291218235623,0.2883715556967394
684,w160032069,582.2339869499207,mfh,56337.525071553566,62597.25007950396,70421.90633944195,r2,-313060.694142483,-284066.4349000147,28994.25924246828,0.2883715556967394
685,w160032070,655.6557445708662,mfh,64738.30461673968,71931.4495741552,80922.8807709246,r2,-359742.79230731475,-329239.0618635789,30503.73044373584,0.2883715556967394
686,w160032071,187.63290931591763,mfh,21296.262178485253,23662.513531650282,26620.327723106566,r1,-128557.9800676571,-122335.67650839133,6222.303559265769,0.31326891012596453
687,w160032072,300.05888833065984,mfh,31840.051021962732,35377.83446884748,39800.06377745341,r1,-192207.09297850198,-176648.97328903028,15558.1196894717,0.31326891012596453
688,w160032074,652.9879129000007,mfh,66119.07190804384,73465.63545338204,82648.8398850548,r2,-367415.54623315553,-339052.88173668075,28362.664496474783,0.2883715556967394
689,w160032075,187.48918503960593,mfh,19824.58853199762,22027.320591108466,24780.73566499702,r1,-119674.0083300068,-116587.11499242058,3086.8933375862252,0.31326891012596453
690,w160032079,410.4375718038529,mfh,56450.435111772305,62722.70567974701,70563.04388971538,r2,-313688.1213417012,-254923.4360988613,58764.685242839885,0.2883715556967394
691,w160032080,367.35827468354256,mfh,37513.62238413698,41681.802649041085,46892.027980171224,r1,-226456.43063117666,-211637.97941088746,14818.451220289193,0.31326891012596453
692,w160032082,146.62608959153295,mfh,18641.24062010344,20712.48957789271,23301.550775129297,r1,-112530.55677050802,-109376.26543381932,3154.2913366886933,0.31326891012596453
693,w160032083,292.00384606306903,mfh,30643.0030164966,34047.781129440664,38303.75377062075,r1,-184980.93881412412,-171078.6635642564,13902.27524986773,0.31326891012596453
694,w160032087,547.5336022242903,mfh,60767.66004008141,67519.62226675713,75959.57505010176,r2,-337678.4090071443,-274419.5092638793,63258.89974326495,0.2883715556967394
695,w160032089,324.3052944285795,mfh,36712.527765060455,40791.69751673384,45890.65970632557,r1,-221620.50659866777,-211725.5428118439,9894.963786823879,0.31326891012596453
696,w160032093,651.9691053661052,mfh,70334.93715781553,78149.93017535059,87918.6714472694,r2,-390842.5906379001,-360128.43122821546,30714.159409684653,0.2883715556967394
697,w160032096,417.5862662355881,mfh,47555.89860683755,52839.88734093061,59444.87325854694,r1,-287078.08975857537,-269083.11274974816,17994.977008827205,0.31326891012596453
698,w160032097,55.47504670508206,th,7948.649698139474,8831.832997932748,9935.812122674342,r1,-47983.178498363384,-52772.887548588384,-4789.709050224999,0.31326891012596453
699,w160032099,154.26596265360712,mfh,19916.581628132146,22129.53514236905,24895.727035165182,r1,-120229.33801744712,-113293.04370186306,6936.294315584062,0.31326891012596453
700,w160032101,417.4909567882307,mfh,46112.95125263289,51236.61250292543,57641.18906579111,r1,-278367.528456981,-259741.252159934,18626.276297047007,0.31326891012596453
701,w160032104,110.95144802480935,th,12429.560392323068,13810.622658136743,15536.950490403835,r1,-75032.84678662164,-74611.27675194474,421.57003467690083,0.31326891012596453
702,w160032105,152.98637234792113,mfh,20848.956423449432,23165.507137166034,26061.19552931179,r1,-125857.75390317371,-102280.2232594987,23577.53064367501,0.31326891012596453
703,w160032106,115.7174410201609,mfh,13210.000451569256,14677.778279521395,16512.50056446157,r1,-79744.08656849911,-83291.54218429903,-3547.4556157999177,0.31326891012596453
704,w160032107,169.80155310891567,th,20257.197734231464,22507.997482479404,25321.49716778933,r1,-122285.5166187266,-99377.19014744864,22908.326471277964,0.31326891012596453
705,w160032108,125.84912734059617,mfh,15892.879065874109,17658.7545176379,19866.098832342635,r1,-95939.67303015487,-93178.82710692924,2760.845923225628,0.31326891012596453
706,w160032109,117.1162128248019,mfh,12173.84675432335,13526.49639369261,15217.308442904186,r1,-73489.19426668753,-73052.08432095496,437.10994573256175,0.31326891012596453
707,w160032110,214.96215275530702,mfh,27759.583627761367,30843.98180862374,34699.479534701706,r1,-167574.7588377051,-159132.21167866487,8442.54715904023,0.31326891012596453
708,w160032111,253.8681676615961,th,29680.37219464188,32978.191327379864,37100.46524330235,r1,-179169.87802931014,-172544.5529840689,6625.325045241247,0.31326891012596453
709,w160032112,125.84912488418631,th,14784.277193453934,16426.97465939326,18480.346491817418,r1,-89247.43679531258,-86294.29389186646,2953.142903446118,0.31326891012596453
710,w160032113,105.45346036842092,mfh,13847.210707174945,15385.789674638827,17309.01338396868,r1,-83590.69883559553,-81377.45088529665,2213.2479502988717,0.31326891012596453
711,w160032114,381.28189064939505,mfh,38441.58971886041,42712.87746540045,48051.98714857551,r1,-232058.24024081472,-214533.80260917687,17524.437631637848,0.31326891012596453
712,w160032115,139.91205219514669,mfh,18194.998750903073,20216.66527878119,22743.748438628838,r1,-109836.75290740703,-105281.76374352991,4554.989163877122,0.31326891012596453
713,w160032116,192.1807412372902,mfh,25401.90433957016,28224.338155077952,31752.3804244627,r1,-153342.28534555293,-124615.94692315109,28726.338422401837,0.31326891012596453
714,w160032117,302.6253065098543,mfh,38132.472874110405,42369.414304567115,47665.591092638,r1,-230192.21150615287,-187069.21151286608,43122.999993286794,0.31326891012596453
715,w160032118,188.54685349911452,mfh,24193.179771566014,26881.31085729557,30241.474714457516,r1,-146045.64391531408,-140123.4085649874,5922.235350326693,0.31326891012596453
716,w160032119,301.6826584111899,mfh,37828.96424629396,42032.182495882174,47286.20530786744,r1,-228360.037587642,-212913.36993837223,15446.667649269773,0.31326891012596453
717,w160032121,128.1140758719295,mfh,17251.90075647625,19168.778618306944,21564.87594559531,r1,-104143.60487263794,-99152.56658813135,4991.038284506591,0.31326891012596453
718,w160032123,387.4767547928728,mfh,54442.01474559972,60491.1274951108,68052.51843199965,r2,-302527.5765154009,-293553.54409468576,8974.032420715143,0.2883715556967394
719,w160032125,297.0948597435839,mfh,31398.011390583837,34886.67932287093,39247.51423822979,r1,-189538.65653441395,-177299.6218745788,12239.03465983516,0.31326891012596453
720,w160032126,464.2806208854541,mfh,50568.14004669606,56186.82227410674,63210.17505837008,r2,-281000.9315177822,-263347.1138952248,17653.8176225574,0.2883715556967394
721,w160032127,228.89082276217522,mfh,26202.43345212795,29113.81494680883,32753.041815159933,r1,-158174.79561581783,-154355.24134085752,3819.5542749603046,0.31326891012596453
722,w160032128,268.14993185095955,mfh,30473.596445371426,33859.55160596825,38091.99555671428,r1,-183958.2914400679,-191712.9004707244,-7754.609030656487,0.31326891012596453
723,w160032129,100.24086796883493,mfh,13847.774666178364,15386.416295753737,17309.718332722954,r1,-83594.10325603855,-81222.65637879013,2371.446877248425,0.31326891012596453
724,w160032130,150.2635816658847,mfh,14029.486662093666,15588.318513437407,17536.858327617083,r1,-84691.03411428718,-79784.72302258693,4906.311091700249,0.31326891012596453
725,w160032131,100.12314690686762,mfh,14135.939899488163,15706.599888320181,17669.924874360204,r1,-85333.65454487737,-82963.38766459755,2370.2668802798144,0.31326891012596453
726,w160032132,257.78643680289383,mfh,32040.0698986087,35600.07766512078,40050.087373260874,r1,-193414.53598148047,-184289.26882858653,9125.267152893939,0.31326891012596453
727,w160032133,136.6476590367034,mfh,17304.298376071107,19226.998195634562,21630.372970088883,r1,-104459.91071443366,-99299.30587689886,5160.604837534804,0.31326891012596453
728,w160032134,132.71697852164507,th,15243.003074861019,16936.67008317891,19053.753843576273,r1,-92016.60221148726,-90760.13911602623,1256.463095461033,0.31326891012596453
729,w160032135,165.9338162511587,mfh,22655.11538553312,25172.350428370133,28318.8942319164,r1,-136760.89483469143,-131056.91604952248,5703.978785168947,0.31326891012596453
730,w160032136,153.4784858365543,mfh,20651.507489251788,22946.119432501986,25814.384361564735,r1,-124665.8247310862,-123139.14814346682,1526.6765876193822,0.31326891012596453
731,w160032137,244.7570460377261,mfh,31882.694606522888,35425.21622946987,39853.368258153605,r1,-192464.51717097065,-180201.32755901958,12263.189611951064,0.31326891012596453
732,w160032138,345.56507694348693,mfh,33660.554635708184,37400.61626189798,42075.693294635224,r1,-203196.82748343432,-188489.94004819094,14706.887435243378,0.31326891012596453
733,w160032139,170.051029805094,mfh,20953.231302739754,23281.36811415528,26191.53912842469,r1,-126487.22435864665,-119948.64431982116,6538.580038825487,0.31326891012596453
734,w160032140,210.13578363517297,mfh,25061.983224774885,27846.648027527648,31327.479030968607,r1,-151290.3021602325,-147473.05228083616,3817.249879396346,0.31326891012596453
735,w160032141,252.5825279586017,mfh,26752.030081941455,29724.477868823837,33440.03760242682,r1,-161492.5155043434,-151321.977966693,10170.537537650409,0.31326891012596453
736,w160032142,252.46278136584442,mfh,34459.97295454553,38288.858838383916,43074.96619318191,r1,-208022.63228605536,-169052.76483493493,38969.86745112043,0.31326891012596453
737,w160032143,236.73276664549485,mfh,29576.02728282697,32862.25253647441,36970.03410353371,r1,-178539.98481232984,-167056.6399493447,11483.344862985134,0.31326891012596453
738,w160032144,216.15235636769793,mfh,24178.437367510116,26864.93040834457,30223.046709387643,r1,-145956.649251796,-139480.10283125177,6476.54642054424,0.31326891012596453
739,w160032145,143.2480424195528,mfh,18000.89068230275,20000.989647003054,22501.113352878438,r1,-108664.99135578124,-88308.2625557688,20356.72880001244,0.31326891012596453
740,w160032146,425.3107569515705,mfh,43179.60460429989,47977.3384492221,53974.50575537486,r1,-260659.95532572534,-244012.823899036,16647.13142668933,0.31326891012596453
741,w160032147,237.48158785337583,mfh,32014.72814949744,35571.92016610827,40018.4101868718,r1,-193261.55683190856,-184891.17686950817,8370.379962400388,0.31326891012596453
742,w160032148,183.97369813346305,th,23560.800292201195,26178.66699133466,29451.000365251493,r1,-142228.19333069885,-135533.23586351296,6694.957467185886,0.31326891012596453
743,w160032149,343.71558685973287,mfh,34361.6584028396,38179.620447599555,42952.0730035495,r1,-207429.14221382386,-194112.11923885136,13317.022974972497,0.31326891012596453
744,w160032150,136.78365420317277,mfh,19017.245100468906,21130.27233385434,23771.556375586133,r1,-114800.36243344769,-110616.6298736434,4183.732559804295,0.31326891012596453
745,w160032151,156.68413198292254,mfh,18994.198311231074,21104.66479025675,23742.74788903884,r1,-114661.2371425103,-116184.89671755499,-1523.6595750446868,0.31326891012596453
746,w160032152,131.687454425171,th,16816.435705141692,18684.928561268545,21020.544631427114,r1,-101514.85683599017,-82497.5966862483,19017.260149741865,0.31326891012596453
747,w160032153,131.7784823913127,mfh,14664.81319433541,16294.236882594898,18331.01649291926,r1,-88526.27501167348,-81807.86865641073,6718.406355262749,0.31326891012596453
748,w160032155,131.65618118494749,mfh,16155.971644692994,17951.079605214436,20194.96455586624,r1,-97527.86959818527,-92048.71264775231,5479.156950432953,0.31326891012596453
749,w160032156,597.6746075108182,mfh,62825.58869422202,69806.20966024668,78531.98586777752,r2,-349114.06529738236,-332024.3595960918,17089.70570129057,0.2883715556967394
750,w160032157,145.99030133634804,mfh,18497.65764028637,20552.95293365152,23122.072050357958,r1,-111663.79725643584,-124535.12113817601,-12871.323881740173,0.31326891012596453
751,w160032158,192.3817300193943,mfh,24447.84564861781,27164.27294290868,30559.807060772262,r1,-147582.97147409167,-138605.79658393672,8977.174890154944,0.31326891012596453
752,w160032159,156.72131929650496,mfh,19753.449044420944,21948.276716023272,24691.81130552618,r1,-119244.5644797548,-111665.29738317135,7579.267096583455,0.31326891012596453
753,w160032160,462.61881872685626,other,21516.45961733097,23907.177352589966,26895.57452166371,nr1,-121379.33647589348,-125614.69795511299,-4235.361479219515,0.31325641075686406
754,w160032161,876.0951372385025,trade,41598.98809684389,46221.0978853821,51998.73512105486,nr1,-234669.53500084422,-190716.8240254804,43952.71097536382,0.31325641075686406
755,w160032162,197.75498196221892,mfh,21819.024375477275,24243.36041719697,27273.78046934659,r1,-131713.71000457153,-124343.88139082388,7369.828613747653,0.31326891012596453
756,w160032163,355.37988740094,mfh,43004.925360010486,47783.25040001165,53756.1567000131,r1,-259605.47869422153,-241126.21193208496,18479.26676213657,0.31326891012596453
757,w160032164,218.83437259588393,mfh,24626.450963512878,27362.723292792085,30783.063704391097,r1,-148661.14840109498,-141399.2287354,7261.9196656949935,0.31326891012596453
758,w160032165,192.38173281145282,mfh,24614.11645560697,27349.018284007743,30767.645569508713,r1,-148586.68935244964,-139059.39799319796,9527.291359251685,0.31326891012596453
759,w160032166,5513.669180350005,other,296885.1769801247,329872.41886680527,371106.47122515587,nr2,-1541753.3956370545,-1513698.5576381215,28054.837998932926,0.2883715556967394
760,w160032167,119.51807446111924,mfh,13433.338114289052,14925.931238098947,16791.672642861315,r1,-81092.29681082488,-77395.71593536896,3696.580875455911,0.31326891012596453
761,w160032168,107.41719602905214,th,13873.999853026246,15415.555392251383,17342.499816282805,r1,-83752.41540583293,-68062.67774984388,15689.737655989054,0.31326891012596453
763,w160032170,37.81535124108195,sfh,4769.791538029326,5299.76837558814,5962.239422536657,r0,-35331.81043404588,-36806.86616388716,-1475.0557298412823,0.3844042084951792
764,w160032171,82.13437312801835,th,9646.465808249995,10718.295342499994,12058.082260312494,r1,-58232.29206640738,-57132.405480777794,1099.8865856295888,0.31326891012596453
765,w160032172,100.39566505721304,th,14312.979822175337,15903.310913528152,17891.22477771917,r1,-86402.38175443391,-85916.66113462317,485.7206198107451,0.31326891012596453
766,w160032173,119.7984774223063,mfh,12295.751901574888,13661.94655730543,15369.689876968609,r1,-74225.09239562496,-70064.07208619644,4161.020309428524,0.31326891012596453
767,w160032174,119.65868240431882,mfh,13051.979082176204,14502.19898019578,16314.973852720253,r1,-78790.16761847702,-74037.02948598577,4753.138132491251,0.31326891012596453
768,w160032175,69.26172256879508,th,7386.415528105403,8207.128364561559,9233.019410131752,r1,-44589.17026260748,-46813.54510136197,-2224.374838754491,0.31326891012596453
769,w160032176,103.52918697646818,th,13372.589931875937,14858.433257639928,16715.73741484492,r1,-80725.58158360056,-78947.55857514027,1778.0230084602954,0.31326891012596453
770,w160032177,62.96843930834439,th,7111.322358229594,7901.469286921771,8889.152947786992,r1,-42928.53038349428,-34886.524951048305,8042.005432445978,0.31326891012596453
771,w160032178,300.84989367914386,mfh,31793.30178992664,35325.89087769627,39741.6272374083,r1,-191924.8844486715,-183762.49277664942,8162.391672022088,0.31326891012596453
772,w160127708,318.335366258584,mfh,40928.439383668316,45476.04375963146,51160.54922958539,r1,-247070.46947429114,-236645.5999239322,10424.86955035894,0.31326891012596453
773,w160127710,130.057766958978,mfh,19160.41845180246,21289.353835336067,23950.523064753073,r1,-115664.64916567781,-93996.64123196142,21668.00793371639,0.31326891012596453
774,w160127712,149.28690248169005,mfh,19893.976263748034,22104.41807083115,24867.470329685042,r1,-120092.87745175918,-116592.18565983958,3500.6917919195985,0.31326891012596453
775,w160127717,149.4986190713942,mfh,20018.073736971855,22242.30415219095,25022.59217121482,r1,-120842.00987487855,-117204.27062666547,3637.7392482130817,0.31326891012596453
776,w160127718,161.62649620659647,mfh,19998.168014560528,22220.18668284503,24997.710018200658,r1,-120721.84609010073,-116990.26014186573,3731.585948235006,0.31326891012596453
777,w160127719,242.7560603125021,mfh,26016.569220877962,28907.299134308847,32520.71152609745,r1,-157052.7991858309,-148413.48280195083,8639.316383880068,0.31326891012596453
778,w164087844,70.24407002975931,other,5531.1032271675895,6145.670252408432,6913.879033959486,nr1,-31202.235480808842,-37738.4111347121,-6536.175653903258,0.31325641075686406
779,w164087850,88.49543042890728,other,9571.515035104732,10635.016705671924,11964.393793880914,nr1,-53995.13510551068,-63923.562982230884,-9928.427876720205,0.31325641075686406
780,w164087857,77.59434223277493,other,5732.685063821826,6369.65007091314,7165.856329777282,nr1,-32339.405350473404,-37669.52684052858,-5330.121490055179,0.31325641075686406
786,w164088149,49.229225591477004,other,5037.637509600219,5597.37501066691,6297.046887000274,nr1,-28418.480976713618,-34758.915241836454,-6340.434265122836,0.31325641075686406
788,w164088153,80.69597001839429,other,6314.859681225849,7016.51075691761,7893.574601532311,nr1,-35623.58732233877,-44404.226377761355,-8780.639055422587,0.31325641075686406
791,w164088159,54.065223559696456,other,5119.410322922457,5688.233692136064,6399.262903653072,nr1,-28879.780372587535,-33923.62250808211,-5043.842135494575,0.31325641075686406
793,w164088169,56.479432658094446,other,4565.7132450906565,5073.014716767396,5707.14155636332,nr0,-31581.49140690296,-36897.14774015384,-5315.656333250885,0.38410505692804275
795,w164088175,32.08830586867407,other,2825.594723491785,3139.54969276865,3531.993404364731,nr0,-19544.918983972304,-23075.185910217122,-3530.266926244818,0.38410505692804275
799,w164088182,35.81288355943252,other,2845.4381235960636,3161.597915106737,3556.7976544950793,nr0,-19682.17775083658,-23320.154954596084,-3637.977203759503,0.38410505692804275
800,w359788107,586.4023264580406,other,46109.15580262688,51232.39533625209,57636.4447532836,nr1,-260112.4365403704,-265461.4809313493,-5349.044390978874,0.31325641075686406
801,w377595955,68.13203878551721,other,5269.498540512313,5854.998378347015,6586.873175640391,nr1,-29726.462800268735,-24158.80942857984,5567.653371688895,0.31325641075686406
802,w377595956,85.03076633159071,other,6722.920315991011,7469.911462212234,8403.650394988763,nr1,-37925.551956419746,-43993.0365998152,-6067.484643395452,0.31325641075686406
805,w377595969,38.68702136902139,other,3090.1691164444,3433.521240493778,3862.7113955555,nr0,-21375.00630417449,-24508.702782806835,-3133.696478632344,0.38410505692804275
814,w377595984,35.49371746703982,other,2841.029831970761,3156.699813300845,3551.287289963451,nr0,-19651.685160389003,-21747.952986986453,-2096.26782659745,0.38410505692804275
818,w377595990,36.364706988167015,other,2791.57936980043,3101.754855333811,3489.474212250537,nr0,-19309.631408375786,-21088.563079133266,-1778.9316707574799,0.38410505692804275
819,w377595993,54.98309161569923,other,4220.0307815631595,4688.923090625733,5275.038476953949,nr0,-29190.371517113672,-31687.877185966663,-2497.505668852991,0.38410505692804275
823,w377596001,68.93592455182224,other,4836.798385703419,5374.220428559354,6045.997982129273,nr0,-33456.614214496425,-36491.623882978936,-3035.009668482511,0.38410505692804275
825,w377596004,35.535723760165276,other,2630.7606042728767,2923.067338080974,3288.450755341096,nr0,-18197.232054991444,-21127.77036482544,-2930.5383098339953,0.38410505692804275
827,w377596008,41.66994294051546,other,3243.63691899437,3604.041021104855,4054.546148742962,nr0,-22436.55831747267,-25390.301446861693,-2953.743129389022,0.38410505692804275
831,w377596012,33.714099188242116,other,2925.7385905314077,3250.8206561460083,3657.1732381642596,nr0,-20237.6240459397,-22970.636727310524,-2733.012681370823,0.38410505692804275
836,w377596021,41.97082374822348,other,3488.321395519886,3875.9126616887625,4360.401744399857,nr0,-24129.065112791504,-26329.06968015636,-2200.0045673648565,0.38410505692804275
838,w377596023,32.13139781658538,other,2490.0711216668888,2766.7456907409874,3112.5889020836107,nr0,-17224.068948276363,-20006.574673159932,-2782.505724883569,0.38410505692804275
844,w377596038,30.39147779517807,other,2398.685899783123,2665.2065553145812,2998.357374728904,nr0,-16591.948303655645,-13484.339519643134,3107.608784012511,0.38410505692804275
847,w377596043,50.74534401865676,other,3919.317771017566,4354.797523352851,4899.1472137719575,nr0,-27110.309794292752,-29565.23843629202,-2454.9286419992677,0.38410505692804275
848,w377596044,31.44567816138733,other,2904.869813374752,3227.633125971947,3631.08726671844,nr0,-20093.272644293058,-22141.41292732011,-2048.1402830270526,0.38410505692804275
861,w377596072,32.00744857888203,other,2718.9974702297686,3021.108300255298,3398.7468377872106,nr0,-18807.57520936848,-21648.395210036113,-2840.8200006676343,0.38410505692804275
863,w377596074,30.798605113010854,other,2855.316162411527,3172.5735137905854,3569.1452030144083,nr0,-19750.5051251637,-22466.71841412443,-2716.2132889607274,0.38410505692804275
877,w377596096,31.32093481458723,other,2660.043472138398,2955.603857931553,3325.0543401729974,nr0,-18399.78455669725,-20387.157398062114,-1987.3728413648641,0.38410505692804275
882,w377596101,34.10184732507914,other,2734.2308274665847,3038.0342527406497,3417.788534333231,nr0,-18912.94585243068,-21324.131857522847,-2411.1860050921678,0.38410505692804275
886,w377596106,35.077698366669935,other,2779.2898943774467,3088.099882641607,3474.112367971808,nr0,-19224.6238878348,-21447.726468215442,-2223.1025803806406,0.38410505692804275
893,w377596115,40.14825235735625,other,3192.6172371227067,3547.352485691896,3990.771546403383,nr0,-22083.65011712842,-25159.631267382454,-3075.9811502540324,0.38410505692804275
895,w377596117,32.339281557500364,other,2797.665055321845,3108.5167281353833,3497.081319152306,nr0,-19351.726698789906,-21864.075138222142,-2512.348439432237,0.38410505692804275
899,w377596123,32.752713098051025,other,2913.410473739367,3237.1227485992963,3641.7630921742084,nr0,-20152.349239215964,-23139.476534747642,-2987.127295531678,0.38410505692804275
901,w377596125,37.63718191203661,other,2922.0877489035165,3246.7641654483514,3652.6096861293954,nr0,-20212.37081225859,-22841.307312779732,-2628.936500521144,0.38410505692804275
909,w377596135,73.15242530554532,other,5088.204744337678,5653.560827041864,6360.255930422097,nr1,-28703.742469961777,-32779.4636953461,-4075.7212253843245,0.31325641075686406
916,w377596142,40.572792674647644,other,3113.8461841117532,3459.8290934575034,3892.3077301396916,nr0,-21538.782929848734,-24549.623452664822,-3010.840522816088,0.38410505692804275
917,w377596143,37.61386710904771,other,2745.329396719578,3050.3659963550867,3431.6617458994724,nr0,-18989.71575686329,-21789.03830489286,-2799.3225480295696,0.38410505692804275
918,w377596145,32.806498026452026,other,2693.449218590027,2992.721353988919,3366.811523237534,nr0,-18630.8554185473,-20488.698411072022,-1857.842992524722,0.38410505692804275
919,w377596147,34.850180151499806,other,2595.9189583634725,2884.354398181636,3244.8986979543406,nr0,-17956.228934159586,-14593.095579215398,3363.133354944188,0.38410505692804275
929,w377596159,36.51154847629368,other,2488.2164818409556,2764.684979823284,3110.2706023011942,nr0,-17211.240220631542,-19844.9668384964,-2633.726617864857,0.38410505692804275
931,w377596161,32.13265920560807,other,2649.7963962137605,2944.2182180152895,3312.2454952672006,nr0,-18328.904516079765,-20967.012220888053,-2638.107704808288,0.38410505692804275
934,w377596166,38.724472055921794,other,2981.905002903568,3313.227781003964,3727.38125362946,nr0,-20626.132691679828,-16762.936522080545,3863.196169599283,0.38410505692804275
935,w377596167,41.94859704792034,other,3114.8432704850466,3460.9369672056073,3893.554088106308,nr0,-21545.67987519763,-25085.781298563717,-3540.1014233660862,0.38410505692804275
936,w377596168,31.29673577034846,other,2563.979256552608,2848.865840614009,3204.97407069076,nr0,-17735.298848512295,-20123.87428835083,-2388.575439838536,0.38410505692804275
937,w377596169,36.7579496475868,other,3082.2442820121273,3424.7158689023636,3852.805352515159,nr0,-21320.189438311732,-23450.205211557375,-2130.015773245643,0.38410505692804275
940,w379327852,945.496160332486,other,38030.77627777757,42256.41808641952,47538.47034722196,nr1,-214540.42497500827,-248269.83214625568,-33729.40717124741,0.31325641075686406
941,w379327862,94.51021252730861,other,9084.066665311519,10093.407405901688,11355.083331639398,nr1,-51245.32585510319,-59289.24650470205,-8043.920649598862,0.31325641075686406
942,w387435839,3594.435384737421,other,196483.33588232234,218314.8176470248,245604.1698529029,nr2,-1020356.9385444467,-1026292.8494365085,-5935.910892061773,0.2883715556967394
943,w387435840,942.2609318409114,other,56823.35165188755,63137.05739098616,71029.18956485944,nr2,-295089.1528230155,-317859.7908049505,-22770.637981934997,0.2883715556967394
944,w390787314,132.5826213063672,other,9844.203167691367,10938.003519657073,12305.253959614207,nr1,-55533.432073825854,-59894.55912868478,-4361.127054858924,0.31325641075686406
945,w390787315,330.5195846647024,other,28537.57339615315,31708.414884614613,35671.966745191436,nr1,-160987.0668809806,-165218.39757064558,-4231.330689664988,0.31325641075686406
946,w390787316,150.59577141329646,other,12304.720854223664,13671.912060248515,15380.90106777958,nr1,-69413.782721194,-56412.845340718224,13000.937380475778,0.31325641075686406
947,w390789514,104.66224040389062,trade,10397.319493968453,11552.577215520503,12996.649367460564,nr1,-58653.689489382254,-84037.58829199449,-25383.89880261223,0.31325641075686406
948,w390789515,335.6007874913513,trade,25636.797863414322,28485.330959349245,32045.997329267902,nr1,-144623.11966608925,-140827.80953614917,3795.3101299400732,0.31325641075686406
949,w390790006,38.98714106846601,trade,2776.3285059702725,3084.8094510780807,3470.4106324628406,nr0,-19204.139670470904,-27316.153137987374,-8112.01346751647,0.38410505692804275
950,w390793102,268.1788772383239,sfh,30059.790808766775,33399.76756529642,37574.738510958465,r1,-181460.29360661484,-169937.86523464863,11522.428371966205,0.31326891012596453
951,w390793103,629.0808588726446,th,87553.79058492262,97281.98953880291,109442.23823115327,r2,-486525.640246156,-458111.5684929271,28414.071753228898,0.2883715556967394
952,w390793104,761.76513240356,mfh,80676.55852455663,89640.6205828407,100845.69815569579,r2,-448309.70797254925,-412524.4193201265,35785.28865242278,0.2883715556967394
953,w390793105,324.12222724705936,th,47118.253767594215,52353.615297326905,58897.817209492765,r1,-284436.1831155872,-275227.8040987303,9208.379016856896,0.31326891012596453
954,w390793106,1475.9963392082602,mfh,145242.0290743921,161380.03230488012,181552.53634299012,r2,-807092.0826383759,-709383.3513798236,97708.73125855229,0.2883715556967394
955,w390793107,895.6360460046678,mfh,90245.7910168643,100273.10112984922,112807.23877108037,r2,-501484.75537918945,-407539.23497537605,93945.5204038134,0.2883715556967394
956,w390793108,286.70933025064875,mfh,25575.074405456515,28416.749339396127,31968.843006820643,r1,-154387.65160240827,-141282.407724608,13105.243877800269,0.31326891012596453
957,w390793793,117.72837251536548,mfh,12242.925925452717,13603.251028280796,15303.657406815895,r1,-73906.2007174304,-71684.53193020841,2221.668787221992,0.31326891012596453
958,w390794364,96.81251710766227,sfh,13040.642047928714,14489.602275476347,16300.802559910891,r1,-78721.72996446055,-85104.15750082357,-6382.427536363015,0.31326891012596453
959,w475684695,267.0884538785554,mfh,32327.72471892473,35919.69413213859,40409.65589865591,r1,-195151.00608814138,-185410.5295610114,9740.47652712997,0.31326891012596453
960,w620369477,3702.806372543797,other,329831.05954184383,366478.95504649315,412288.8244273048,nr2,-1712844.5455168292,-1392035.279607819,320809.2659090103,0.2883715556967394
961,w620369478,20480.360502976928,other,1687025.1117225294,1874472.3463583658,2108781.3896531616,nr2,-8760884.329018943,-7120004.029833203,1640880.2991857398,0.2883715556967394
962,w993163452,1412.2592688187956,other,69902.24125333331,77669.15694814813,87377.80156666663,nr2,-363009.0896123862,-380016.33377003873,-17007.244157652545,0.2883715556967394
963,w993163453,1066.3710880815981,other,51293.74656664398,56993.051740715535,64117.183208304974,nr2,-266373.37959572196,-277348.0152858371,-10974.63569011516,0.2883715556967394
964,w993163454,1257.084109787643,other,59883.17288306017,66536.85875895574,74853.96610382521,nr2,-310979.09997763066,-320129.7168458371,-9150.616868206416,0.2883715556967394
965,w993163455,1355.0658122852444,mfh,137933.86271477625,153259.84746086248,172417.3283934703,r2,-766481.5014929624,-622892.8823669328,143588.61912602955,0.2883715556967394
966,w993163456,1286.649396429956,mfh,130250.32129646631,144722.5792182959,162812.90162058288,r2,-723785.0073386037,-662955.50128697,60829.50605163374,0.2883715556967394
967,w993163457,923.1744978809729,ab,96260.7750734298,106956.41674825533,120325.96884178725,r2,-534909.2816006149,-490817.47242177615,44091.80917883874,0.2883715556967394
968,w993163458,923.3917086940259,ab,96786.7143031862,107540.7936702069,120983.39287898275,r2,-537831.8611803034,-492152.08030255383,45679.78087774955,0.2883715556967394
969,w993163460,1313.604391914094,ab,125644.15428679457,139604.6158742162,157055.1928584932,r2,-698189.1040831348,-642186.6233626909,56002.480720443884,0.2883715556967394
970,w993163461,1099.8535498690792,ab,118342.74284405124,131491.93649339027,147928.42855506405,r2,-657616.0591795479,-605920.5319818238,51695.52719772409,0.2883715556967394
971,w993164648,226.1375619597733,ab,25333.36690212359,28148.18544680399,31666.708627654487,r1,-152928.5491488768,-156111.74608050834,-3183.196931631537,0.31326891012596453
972,w993164649,158.37299746889622,other,12554.80104281894,13949.778936465487,15693.501303523673,nr1,-70824.54303666015,-77864.4482037304,-7039.9051670702465,0.31325641075686406
973,w993164650,163.5844805765897,other,11822.83966197053,13136.48851330059,14778.549577463164,nr1,-66695.37920982891,-72551.31105735393,-5855.931847525018,0.31325641075686406
974,w993164651,162.24389737509188,other,11008.365752407117,12231.517502674575,13760.457190508896,nr1,-62100.74308111821,-67792.4817032298,-5691.7386221115885,0.31325641075686406
975,w993164652,173.63842588849366,other,12537.52789010725,13930.586544563612,15671.909862634062,nr1,-70727.10117808866,-77195.5258724717,-6468.424694383037,0.31325641075686406
976,w1006795433,259.34726619906723,mfh,31206.31317629144,34673.68130699049,39007.8914703643,r1,-188381.44241836574,-175558.88920410135,12822.553214264393,0.31326891012596453
977,w1006849999,188.95288848243652,other,12692.659037467965,14102.954486075516,15865.823796834957,nr1,-71602.23194161913,-78174.29766608986,-6572.065724470725,0.31325641075686406
978,w1007159125,240.08975319266318,education,18188.745430473453,20209.717144970502,22735.931788091813,nr1,-102606.9293435956,-109129.52945149525,-6522.600107899649,0.31325641075686406
979,w1007160095,265.99824453517795,sfh,29700.45869061807,33000.5096562423,37125.57336327258,r1,-179291.13307997092,-170795.04038343043,8496.092696540494,0.31326891012596453
980,w1007176059,713.9090096209663,trade,44584.74507920726,49538.60564356363,55730.93134900908,nr1,-251512.88227279138,-264744.6391797658,-13231.75690697445,0.31325641075686406
981,w1029411791,412.32884333096445,trade,24243.8769969841,26937.64110776011,30304.846246230125,nr1,-136765.33016272017,-147914.80987228514,-11149.47970956497,0.31325641075686406
982,w1030080397,647.4037659055554,other,30520.396752890152,33911.551947655724,38150.49594111269,nr1,-172172.63307867342,-190063.1726417255,-17890.539563052094,0.31325641075686406
983,w1030080398,123.65970464986749,other,6312.042173885407,7013.380193206007,7890.052717356758,nr1,-35607.69311029919,-39533.31774643099,-3925.6246361318044,0.31325641075686406
984,w1030080399,86.80603968682699,other,6773.282403048039,7525.869336720043,8466.603003810047,nr1,-38209.65616404688,-43410.544619364686,-5200.888455317807,0.31325641075686406
985,w1036126248,1409.4026292502879,trade,62527.62490135226,69475.13877928029,78159.53112669032,nr2,-324711.99469562474,-348933.747006076,-24221.752310451237,0.2883715556967394
986,w1036126249,536.9865712554193,mfh,58786.42745363585,65318.25272626206,73483.0343170448,r2,-326668.943327163,-305835.66981104243,20833.273516120564,0.2883715556967394
987,w1036126250,784.2879224468953,mfh,83022.8157791949,92247.57308799434,103778.51972399362,r2,-461347.57081513933,-421100.9428587829,40246.627956356446,0.2883715556967394
988,w1036126251,422.468481163308,mfh,52845.09736255475,58716.77484728305,66056.37170319344,r2,-293653.70312835916,-279633.2804195984,14020.422708760772,0.2883715556967394
989,w1036680208,878.3984476357698,mfh,87023.10356131091,96692.33729034546,108778.87945163864,r2,-483576.6777602591,-447959.91254806257,35616.76521219651,0.2883715556967394
990,w1075387093,82.43980132825672,other,6640.5639729472905,7378.404414385878,8300.704966184112,nr1,-37460.96073411772,-42297.16617387355,-4836.205439755831,0.31325641075686406
991,w1075387094,82.56877346616238,other,5523.9930738652965,6137.770082072551,6904.99134233162,nr1,-31162.12545781142,-32394.309802492513,-1232.1843446810926,0.31325641075686406
992,w1075387095,130.11354850369972,other,4922.185612555075,5469.095125061194,6152.732015693843,nr0,-34047.24613251591,-34590.56643258951,-543.320300073603,0.38410505692804275
993,w1075387096,86.78853361294604,other,5651.038189360073,6278.931321511192,7063.797736700091,nr1,-31878.81640490563,-33405.53032789558,-1526.7139229899549,0.31325641075686406
994,w1075387097,130.27800867820625,other,5001.394598025604,5557.105108917338,6251.743247532005,nr1,-28214.026310977726,-30001.418088134273,-1787.3917771565466,0.31325641075686406
995,w1075387098,130.18280181584413,other,4914.504272727153,5460.56030303017,6143.1303409089405,nr0,-33994.11354298461,-34510.19324361961,-516.0797006349967,0.38410505692804275
996,w1075387099,86.85200681062415,other,7574.079042728552,8415.643380809503,9467.598803410689,nr1,-42727.13564279224,-47369.15253343973,-4642.016890647494,0.31325641075686406
997,w1107949539,145.45949292609,other,7234.128086910359,8037.920096567066,9042.660108637949,nr1,-40809.39349629515,-33165.94937639225,7643.4441199029025,0.31325641075686406
998,w1107949540,113.13991883732378,other,8157.082843669978,9063.42538185553,10196.353554587471,nr1,-46015.99523120681,-50000.544838278256,-3984.5496070714435,0.31325641075686406
999,w1108636740,113.13954655230044,other,8437.78627390423,9375.318082115811,10547.232842380286,nr1,-47599.50835159476,-51512.983458472576,-3913.4751068778132,0.31325641075686406
1000,w1108636741,169.70950587596744,other,6388.827258846157,7098.696954273508,7986.034073557696,nr1,-36040.85557427044,-37939.62620169816,-1898.7706274277152,0.31325641075686406
1001,w1108636742,113.35190696045755,other,7307.257952288273,8119.1755025425255,9134.072440360342,nr1,-41221.9360192757,-42864.326971159106,-1642.3909518834043,0.31325641075686406
1002,w1108636743,97.02220907397567,other,8465.714383767012,9406.34931529668,10582.142979708764,nr1,-47757.057293403,-51525.55101237411,-3768.4937189711127,0.31325641075686406
1003,w1108636744,97.02139693088829,other,6248.685707876577,6942.984119862863,7810.857134845721,nr1,-35250.28459875136,-37090.565740357786,-1840.2811416064287,0.31325641075686406
1004,w1108636745,97.02220705058426,other,6051.606396825816,6724.00710758424,7564.507996032269,nr1,-34138.51451975568,-35640.89051198041,-1502.3759922247336,0.31325641075686406
1005,w1108636746,96.97299731615931,other,6049.968200571248,6722.186889523609,7562.46025071406,nr1,-34129.27307493004,-35627.90088969489,-1498.6278147648482,0.31325641075686406
1006,w1108636747,96.97299630921333,other,6204.737122419419,6894.152358243799,7755.921403024274,nr1,-35002.36044037602,-36731.94145305943,-1729.5810126834112,0.31325641075686406
1007,w1108636748,93.15071205198764,other,7049.813241953456,7833.125824392729,8812.266552441819,nr1,-39769.63072949191,-42977.18767798874,-3207.556948496829,0.31325641075686406
1008,w1108636749,139.88183319568634,other,5418.6318681190805,6020.702075687867,6773.28983514885,nr1,-30567.758472200334,-32653.004012419166,-2085.2455402188316,0.31325641075686406
1009,w1108636750,139.7263257611543,other,5255.293421448891,5839.2149127209905,6569.116776811114,nr1,-29646.32843071426,-31562.29762467055,-1915.9691939562908,0.31325641075686406
1010,w1108636751,139.8837134392932,other,5137.657930030147,5708.508811144608,6422.072412537684,nr1,-28982.719354297165,-30479.235357057194,-1496.5160027600286,0.31325641075686406
1011,w1108636752,93.1510556358844,other,5632.758798770266,6258.620887522518,7040.9484984628325,nr1,-31775.698125205596,-33300.1150392617,-1524.4169140561025,0.31325641075686406
1012,w1108636753,93.25489941500128,other,5561.032789158997,6178.925321287774,6951.290986448746,nr1,-31371.075078035377,-33026.97719992164,-1655.9021218862617,0.31325641075686406
1013,w1108636754,139.72684112749994,other,6793.787494520834,7548.652771689815,8492.234368151043,nr1,-38325.33013837213,-43116.28683838747,-4790.95670001534,0.31325641075686406
1014,w1159236388,245.9913005110109,other,17161.798074090097,19068.664526766774,21452.24759261262,nr1,-96813.68124746913,-113086.81380906666,-16273.132561597537,0.31325641075686406
1015,w1159236389,122.96537718712352,other,11214.556910810714,12460.618789789682,14018.19613851339,nr1,-63263.915203267214,-75046.42506233862,-11782.509859071404,0.31325641075686406
1016,w1159236390,245.9301320978673,other,9422.640053648083,10469.600059608982,11778.300067060103,nr1,-53155.296824099656,-70242.5259450109,-17087.229120911245,0.31325641075686406
1017,w1219742100,99.15745026543736,other,6796.05397685548,7551.171085394977,8495.06747106935,nr1,-38338.11589061976,-43079.89921823103,-4741.783327611272,0.31325641075686406
1018,w1219742101,534.7382739499211,other,26665.5596979286,29628.399664365108,33331.94962241074,nr1,-150426.6036539701,-164109.49329791407,-13682.889643943985,0.31325641075686406
1019,w1219742102,331.85329187787136,other,16686.177045042114,18540.19671671346,20857.72130630264,nr1,-94130.59276792553,-102180.61114049319,-8050.018372567662,0.31325641075686406
1020,w1219742103,321.63751182574777,other,17114.566871985295,19016.185413316995,21393.208589981616,nr1,-96547.23908763436,-105473.75482713128,-8926.515739496928,0.31325641075686406
1021,w1219742104,906.7466930493712,other,37559.58202112246,41732.868912358295,46949.477526403076,nr1,-211882.3089447121,-233963.6133266741,-22081.304381961992,0.31325641075686406
1022,w1219742105,1260.638449399173,ab,128554.44727096538,142838.2747455171,160693.0590887067,r2,-714361.2440666598,-662934.9563081533,51426.287758506485,0.2883715556967394
1023,w1219929093,501.3837405549362,other,33138.81990165809,36820.91100184232,41423.52487707261,nr1,-186943.76504290116,-203270.35124108224,-16326.586198181089,0.31325641075686406
1024,w1242595698,177.05818741209805,other,9156.077890481276,10173.419878312528,11445.097363101595,nr1,-51651.55786935523,-57502.34289227797,-5850.785022922741,0.31325641075686406
1025,w1242595699,175.70056665593293,other,9159.768067274865,10177.52007474985,11449.71008409358,nr1,-51672.375012075296,-57407.50737135513,-5735.132359279836,0.31325641075686406
